FRAMES,1,2,3,4,5,6,7,8,9,10
0,50,50,50,50,50,50,50,50,50,50
1,50,50,50,50,50,50,50,50,50,50
2,50,50,50,50,50,50,50,50,50,50
3,50,50,50,50,50,50,50,50,50,50
4,50,50,50,50,50,50,50,50,50,50
5,50,50,50,50,50,50,50,50,50,50
6,50,50,50,50,50,50,50,50,50,50
7,50,50,50,50,50,50,50,50,50,50
8,50,50,50,50,50,50,50,50,50,50
9,50,50,50,50,50,50,50,50,50,50
10,50,50,50,50,50,50,50,50,50,50
11,50,50,50,50,50,50,50,50,50,50
12,50,50,50,50,50,50,50,50,50,50
13,50,50,50,50,50,50,50,50,50,50
14,50,50,50,50,50,50,50,50,50,50
15,50,50,50,50,50,50,50,50,50,50
16,50,50,50,50,50,50,50,50,50,50
17,50,50,50,50,50,50,50,50,50,50
18,50,50,50,50,50,50,50,50,50,50
19,50,50,50,50,50,50,50,50,50,50
20,50,50,50,50,50,50,50,50,50,50
21,50,50,50,50,50,50,50,50,50,50
22,50,50,50,50,50,50,50,50,50,50
23,50,50,50,50,50,50,50,50,50,50
24,50,50,50,50,50,50,50,50,50,50
25,50,50,50,50,50,50,50,50,50,50
26,50,50,50,50,50,50,50,50,50,50
27,50,50,50,50,50,50,50,50,50,50
28,50,50,50,50,50,50,50,50,50,50
29,50,50,50,50,50,50,50,50,50,50
30,50,50,50,50,50,50,50,50,50,50
31,50,50,50,50,50,50,50,50,50,50
32,50,50,50,50,50,50,50,50,50,50
33,50,50,50,50,50,50,50,50,50,50
34,50,50,50,50,50,50,50,50,50,50
35,50,50,50,50,50,50,50,50,50,50
36,50,50,50,50,50,50,50,50,50,50
37,50,50,50,50,50,50,50,50,50,50
38,50,50,50,50,50,50,50,50,50,50
39,50,50,50,50,50,50,50,50,50,50
40,50,50,50,50,50,50,50,50,50,50
41,50,50,50,50,50,50,50,50,50,50
42,50,50,50,50,50,50,50,50,50,50
43,50,50,50,50,50,50,50,50,50,50
44,50,50,50,50,50,50,50,50,50,50
45,50,50,50,50,50,50,50,50,50,50
46,50,50,50,50,50,50,50,50,50,50
47,50,50,50,50,50,50,50,50,50,50
48,50,50,50,50,50,50,50,50,50,50
49,50,50,50,50,50,50,50,50,50,50
50,50,50,50,50,50,50,50,50,50,50
51,50,50,50,50,50,50,50,50,50,50
52,50,50,50,50,50,50,50,50,50,50
53,50,50,50,50,50,50,50,50,50,50
54,50,50,50,50,50,50,50,50,50,50
55,50,50,50,50,50,50,50,50,50,50
56,50,50,50,50,50,50,50,50,50,50
57,50,50,50,50,50,50,50,50,50,50
58,50,50,50,50,50,50,50,50,50,50
59,50,50,50,50,50,50,50,50,50,50
60,50,50,50,50,50,50,50,50,50,50
61,50,50,50,50,50,50,50,50,50,50
62,50,50,50,50,50,50,50,50,50,50
63,50,50,50,50,50,50,50,50,50,50
64,50,50,50,50,50,50,50,50,50,50
65,50,50,50,50,50,50,50,50,50,50
66,50,50,50,50,50,50,50,50,50,50
67,50,50,50,50,50,50,50,50,50,50
68,50,50,50,50,50,50,50,50,50,50
69,50,50,50,50,50,50,50,50,50,50
70,50,50,50,50,50,50,50,50,50,50
71,50,50,50,50,50,50,50,50,50,50
72,50,50,50,50,50,50,50,50,50,50
73,50,50,50,50,50,50,50,50,50,50
74,50,50,50,50,50,50,50,50,50,50
75,50,50,50,50,50,50,50,50,50,50
76,50,50,50,50,50,50,50,50,50,50
77,50,50,50,50,50,50,50,50,50,50
78,50,50,50,50,50,50,50,50,50,50
79,50,50,50,50,50,50,50,50,50,50
80,50,50,50,50,50,50,50,50,50,50
81,50,50,50,50,50,50,50,50,50,50
82,50,50,50,50,50,50,50,50,50,50
83,50,50,50,50,50,50,50,50,50,50
84,50,50,50,50,50,50,50,50,50,50
85,50,50,50,50,50,50,50,50,50,50
86,50,50,50,50,50,50,50,50,50,50
87,50,50,50,50,50,50,50,50,50,50
88,50,50,50,50,50,50,50,50,50,50
89,50,50,50,50,50,50,50,50,50,50
90,50,50,50,50,50,50,50,50,50,50
91,50,50,50,50,50,50,50,50,50,50
92,50,50,50,50,50,50,50,50,50,50
93,50,50,50,50,50,50,50,50,50,50
94,50,50,50,50,50,50,50,50,50,50
95,50,50,50,50,50,50,50,50,50,50
96,50,50,50,50,50,50,50,50,50,50
97,50,50,50,50,50,50,50,50,50,50
98,50,50,50,50,50,50,50,50,50,50
99,50,50,50,50,50,50,50,50,50,50
100,50,50,50,50,50,50,50,50,50,50
101,50,50,50,50,50,50,50,50,50,50
102,50,50,50,50,50,50,50,50,50,50
103,50,50,50,50,50,50,50,50,50,50
104,50,50,50,50,50,50,50,50,50,50
105,50,50,50,50,50,50,50,50,50,50
106,50,50,50,50,50,50,50,50,50,50
107,50,50,50,50,50,50,50,50,50,50
108,50,50,50,50,50,50,50,50,50,50
109,50,50,50,50,50,50,50,50,50,50
110,50,50,50,50,50,50,50,50,50,50
111,50,50,50,50,50,50,50,50,50,50
112,50,50,50,50,50,50,50,50,50,50
113,50,50,50,50,50,50,50,50,50,50
114,50,50,50,50,50,50,50,50,50,50
115,50,50,50,50,50,50,50,50,50,50
116,50,50,50,50,50,50,50,50,50,50
117,50,50,50,50,50,50,50,50,50,50
118,50,50,50,50,50,50,50,50,50,50
119,50,50,50,50,50,50,50,50,50,50
120,50,50,50,50,50,50,50,50,50,50
121,50,50,50,50,50,50,50,50,50,50
122,50,50,50,50,50,50,50,50,50,50
123,50,50,50,50,50,50,50,50,50,50
124,50,50,50,50,50,50,50,50,50,50
125,50,50,50,50,50,50,50,50,50,50
126,50,50,50,50,50,50,50,50,50,50
127,50,50,50,50,50,50,50,50,50,50
128,50,50,50,50,50,50,50,50,50,50
129,50,50,50,50,50,50,50,50,50,50
130,50,50,50,50,50,50,50,50,50,50
131,50,50,50,50,50,50,50,50,50,50
132,50,50,50,50,50,50,50,50,50,50
133,50,50,50,50,50,50,50,50,50,50
134,50,50,50,50,50,50,50,50,50,50
135,50,50,50,50,50,50,50,50,50,50
136,50,50,50,50,50,50,50,50,50,50
137,50,50,50,50,50,50,50,50,50,50
138,50,50,50,50,50,50,50,50,50,50
139,50,50,50,50,50,50,50,50,50,50
140,50,50,50,50,50,50,50,50,50,50
141,50,50,50,50,50,50,50,50,50,50
142,50,50,50,50,50,50,50,50,50,50
143,50,50,50,50,50,50,50,50,50,50
144,50,50,50,50,50,50,50,50,50,50
145,50,50,50,50,50,50,50,50,50,50
146,50,50,50,50,50,50,50,50,50,50
147,50,50,50,50,50,50,50,50,50,50
148,50,50,50,50,50,50,50,50,50,50
149,50,50,50,50,50,50,50,50,50,50
150,50,50,50,50,50,50,50,50,50,50
151,50,50,50,50,50,50,50,50,50,50
152,50,50,50,50,50,50,50,50,50,50
153,50,50,50,50,50,50,50,50,50,50
154,50,50,50,50,50,50,50,50,50,50
155,50,50,50,50,50,50,50,50,50,50
156,50,50,50,50,50,50,50,50,50,50
157,50,50,50,50,50,50,50,50,50,50
158,50,50,50,50,50,50,50,50,50,50
159,50,50,50,50,50,50,50,50,50,50
160,50,50,50,50,50,50,50,50,50,50
161,50,50,50,50,50,50,50,50,50,50
162,50,50,50,50,50,50,50,50,50,50
163,50,50,50,50,50,50,50,50,50,50
164,50,50,50,50,50,50,50,50,50,50
165,50,50,50,50,50,50,50,50,50,50
166,50,50,50,50,50,50,50,50,50,50
167,50,50,50,50,50,50,50,50,50,50
168,50,50,50,50,50,50,50,50,50,50
169,50,50,50,50,50,50,50,50,50,50
170,50,50,50,50,50,50,50,50,50,50
171,50,50,50,50,50,50,50,50,50,50
172,50,50,50,50,50,50,50,50,50,50
173,50,50,50,50,50,50,50,50,50,50
174,50,50,50,50,50,50,50,50,50,50
175,50,50,50,50,50,50,50,50,50,50
176,50,50,50,50,50,50,50,50,50,50
177,50,50,50,50,50,50,50,50,50,50
178,50,50,50,50,50,50,50,50,50,50
179,50,50,50,50,50,50,50,50,50,50
180,50,50,50,50,50,50,50,50,50,50
181,50,50,50,50,50,50,50,50,50,50
182,50,50,50,50,50,50,50,50,50,50
183,50,50,50,50,50,50,50,50,50,50
184,50,50,50,50,50,50,50,50,50,50
185,50,50,50,50,50,50,50,50,50,50
186,50,50,50,50,50,50,50,50,50,50
187,50,50,50,50,50,50,50,50,50,50
188,50,50,50,50,50,50,50,50,50,50
189,50,50,50,50,50,50,50,50,50,50
190,50,50,50,50,50,50,50,50,50,50
191,50,50,50,50,50,50,50,50,50,50
192,50,50,50,50,50,50,50,50,50,50
193,50,50,50,50,50,50,50,50,50,50
194,50,50,50,50,50,50,50,50,50,50
195,50,50,50,50,50,50,50,50,50,50
196,50,50,50,50,50,50,50,50,50,50
197,50,50,50,50,50,50,50,50,50,50
198,50,50,50,50,50,50,50,50,50,50
199,50,50,50,50,50,50,50,50,50,50
200,50,50,50,50,50,50,50,50,50,50
201,50,50,50,50,50,50,50,50,50,50
202,50,50,50,50,50,50,50,50,50,50
203,50,50,50,50,50,50,50,50,50,50
204,50,50,50,50,50,50,50,50,50,50
205,50,50,50,50,50,50,50,50,50,50
206,50,50,50,50,50,50,50,50,50,50
207,50,50,50,50,50,50,50,50,50,50
208,50,50,50,50,50,50,50,50,50,50
209,50,50,50,50,50,50,50,50,50,50
210,50,50,50,50,50,50,50,50,50,50
211,50,50,50,50,50,50,50,50,50,50
212,50,50,50,50,50,50,50,50,50,50
213,50,50,50,50,50,50,50,50,50,50
214,50,50,50,50,50,50,50,50,50,50
215,50,50,50,50,50,50,50,50,50,50
216,50,50,50,50,50,50,50,50,50,50
217,50,50,50,50,50,50,50,50,50,50
218,50,50,50,50,50,50,50,50,50,50
219,50,50,50,50,50,50,50,50,50,50
220,50,50,50,50,50,50,50,50,50,50
221,50,50,50,50,50,50,50,50,50,50
222,50,50,50,50,50,50,50,50,50,50
223,50,50,50,50,50,50,50,50,50,50
224,50,50,50,50,50,50,50,50,50,50
225,50,50,50,50,50,50,50,50,50,50
226,50,50,50,50,50,50,50,50,50,50
227,50,50,50,50,50,50,50,50,50,50
228,50,50,50,50,50,50,50,50,50,50
229,50,50,50,50,50,50,50,50,50,50
230,50,50,50,50,50,50,50,50,50,50
231,50,50,50,50,50,50,50,50,50,50
232,50,50,50,50,50,50,50,50,50,50
233,50,50,50,50,50,50,50,50,50,50
234,50,50,50,50,50,50,50,50,50,50
235,50,50,50,50,50,50,50,50,50,50
236,50,50,50,50,50,50,50,50,50,50
237,50,50,50,50,50,50,50,50,50,50
238,50,50,50,50,50,50,50,50,50,50
239,50,50,50,50,50,50,50,50,50,50
240,50,50,50,50,50,50,50,50,50,50
241,50,50,50,50,50,50,50,50,50,50
242,50,50,50,50,50,50,50,50,50,50
243,50,50,50,50,50,50,50,50,50,50
244,50,50,50,50,50,50,50,50,50,50
245,50,50,50,50,50,50,50,50,50,50
246,50,50,50,50,50,50,50,50,50,50
247,50,50,50,50,50,50,50,50,50,50
248,50,50,50,50,50,50,50,50,50,50
249,50,50,50,50,50,50,50,50,50,50
250,50,50,50,50,50,50,50,50,50,50
251,50,50,50,50,50,50,50,50,50,50
252,50,50,50,50,50,50,50,50,50,50
253,50,50,50,50,50,50,50,50,50,50
254,50,50,50,50,50,50,50,50,50,50
255,50,50,50,50,50,50,50,50,50,50
256,50,50,50,50,50,50,50,50,50,50
257,50,50,50,50,50,50,50,50,50,50
258,50,50,50,50,50,50,50,50,50,50
259,50,50,50,50,50,50,50,50,50,50
260,50,50,50,50,50,50,50,50,50,50
261,50,50,50,50,50,50,50,50,50,50
262,50,50,50,50,50,50,50,50,50,50
263,50,50,50,50,50,50,50,50,50,50
264,50,50,50,50,50,50,50,50,50,50
265,50,50,50,50,50,50,50,50,50,50
266,50,50,50,50,50,50,50,50,50,50
267,50,50,50,50,50,50,50,50,50,50
268,50,50,50,50,50,50,50,50,50,50
269,50,50,50,50,50,50,50,50,50,50
270,50,50,50,50,50,50,50,50,50,50
271,50,50,50,50,50,50,50,50,50,50
272,50,50,50,50,50,50,50,50,50,50
273,50,50,50,50,50,50,50,50,50,50
274,50,50,50,50,50,50,50,50,50,50
275,50,50,50,50,50,50,50,50,50,50
276,50,50,50,50,50,50,50,50,50,50
277,50,50,50,50,50,50,50,50,50,50
278,50,50,50,50,50,50,50,50,50,50
279,50,50,50,50,50,50,50,50,50,50
280,50,50,50,50,50,50,50,50,50,50
281,50,50,50,50,50,50,50,50,50,50
282,50,50,50,50,50,50,50,50,50,50
283,50,50,50,50,50,50,50,50,50,50
284,50,50,50,50,50,50,50,50,50,50
285,50,50,50,50,50,50,50,50,50,50
286,50,50,50,50,50,50,50,50,50,50
287,50,50,50,50,50,50,50,50,50,50
288,50,50,50,50,50,50,50,50,50,50
289,50,50,50,50,50,50,50,50,50,50
290,50,50,50,50,50,50,50,50,50,50
291,50,50,50,50,50,50,50,50,50,50
292,50,50,50,50,50,50,50,50,50,50
293,50,50,50,50,50,50,50,50,50,50
294,50,50,50,50,50,50,50,50,50,50
295,50,50,50,50,50,50,50,50,50,50
296,50,50,50,50,50,50,50,50,50,50
297,50,50,50,50,50,50,50,50,50,50
298,50,50,50,50,50,50,50,50,50,50
299,50,50,50,50,50,50,50,50,50,50
300,50,50,50,50,50,50,50,50,50,50
301,50,50,50,50,50,50,50,50,50,50
302,50,50,50,50,50,50,50,50,50,50
303,50,50,50,50,50,50,50,50,50,50
304,50,50,50,50,50,50,50,50,50,50
305,50,50,50,50,50,50,50,50,50,50
306,50,50,50,50,50,50,50,50,50,50
307,50,50,50,50,50,50,50,50,50,50
308,50,50,50,50,50,50,50,50,50,50
309,50,50,50,50,50,50,50,50,50,50
310,50,50,50,50,50,50,50,50,50,50
311,50,50,50,50,50,50,50,50,50,50
312,50,50,50,50,50,50,50,50,50,50
313,50,50,50,50,50,50,50,50,50,50
314,50,50,50,50,50,50,50,50,50,50
315,50,50,50,50,50,50,50,50,50,50
316,50,50,50,50,50,50,50,50,50,50
317,50,50,50,50,50,50,50,50,50,50
318,50,50,50,50,50,50,50,50,50,50
319,50,50,50,50,50,50,50,50,50,50
320,50,50,50,50,50,50,50,50,50,50
321,50,50,50,50,50,50,50,50,50,50
322,50,50,50,50,50,50,50,50,50,50
323,50,50,50,50,50,50,50,50,50,50
324,50,50,50,50,50,50,50,50,50,50
325,50,50,50,50,50,50,50,50,50,50
326,50,50,50,50,50,50,50,50,50,50
327,50,50,50,50,50,50,50,50,50,50
328,50,50,50,50,50,50,50,50,50,50
329,50,50,50,50,50,50,50,50,50,50
330,50,50,50,50,50,50,50,50,50,50
331,50,50,50,50,50,50,50,50,50,50
332,50,50,50,50,50,50,50,50,50,50
333,50,50,50,50,50,50,50,50,50,50
334,50,50,50,50,50,50,50,50,50,50
335,50,50,50,50,50,50,50,50,50,50
336,50,50,50,50,50,50,50,50,50,50
337,50,50,50,50,50,50,50,50,50,50
338,50,50,50,50,50,50,50,50,50,50
339,50,50,50,50,50,50,50,50,50,50
340,50,50,50,50,50,50,50,50,50,50
341,50,50,50,50,50,50,50,50,50,50
342,50,50,50,50,50,50,50,50,50,50
343,50,50,50,50,50,50,50,50,50,50
344,50,50,50,50,50,50,50,50,50,50
345,50,50,50,50,50,50,50,50,50,50
346,50,50,50,50,50,50,50,50,50,50
347,50,50,50,50,50,50,50,50,50,50
348,50,50,50,50,50,50,50,50,50,50
349,50,50,50,50,50,50,50,50,50,50
350,50,50,50,50,50,50,50,50,50,50
351,50,50,50,50,50,50,50,50,50,50
352,50,50,50,50,50,50,50,50,50,50
353,50,50,50,50,50,50,50,50,50,50
354,50,50,50,50,50,50,50,50,50,50
355,50,50,50,50,50,50,50,50,50,50
356,50,50,50,50,50,50,50,50,50,50
357,50,50,50,50,50,50,50,50,50,50
358,50,50,50,50,50,50,50,50,50,50
359,50,50,50,50,50,50,50,50,50,50
360,50,50,50,50,50,50,50,50,50,50
361,50,50,50,50,50,50,50,50,50,50
362,50,50,50,50,50,50,50,50,50,50
363,50,50,50,50,50,50,50,50,50,50
364,50,50,50,50,50,50,50,50,50,50
365,50,50,50,50,50,50,50,50,50,50
366,50,50,50,50,50,50,50,50,50,50
367,50,50,50,50,50,50,50,50,50,50
368,50,50,50,50,50,50,50,50,50,50
369,50,50,50,50,50,50,50,50,50,50
370,50,50,50,50,50,50,50,50,50,50
371,50,50,50,50,50,50,50,50,50,50
372,50,50,50,50,50,50,50,50,50,50
373,50,50,50,50,50,50,50,50,50,50
374,50,50,50,50,50,50,50,50,50,50
375,50,50,50,50,50,50,50,50,50,50
376,50,50,50,50,50,50,50,50,50,50
377,50,50,50,50,50,50,50,50,50,50
378,50,50,50,50,50,50,50,50,50,50
379,50,50,50,50,50,50,50,50,50,50
380,50,50,50,50,50,50,50,50,50,50
381,50,50,50,50,50,50,50,50,50,50
382,50,50,50,50,50,50,50,50,50,50
383,50,50,50,50,50,50,50,50,50,50
384,50,50,50,50,50,50,50,50,50,50
385,50,50,50,50,50,50,50,50,50,50
386,50,50,50,50,50,50,50,50,50,50
387,50,50,50,50,50,50,50,50,50,50
388,50,50,50,50,50,50,50,50,50,50
389,50,50,50,50,50,50,50,50,50,50
390,50,50,50,50,50,50,50,50,50,50
391,50,50,50,50,50,50,50,50,50,50
392,50,50,50,50,50,50,50,50,50,50
393,50,50,50,50,50,50,50,50,50,50
394,50,50,50,50,50,50,50,50,50,50
395,50,50,50,50,50,50,50,50,50,50
396,50,50,50,50,50,50,50,50,50,50
397,50,50,50,50,50,50,50,50,50,50
398,50,50,50,50,50,50,50,50,50,50
399,50,50,50,50,50,50,50,50,50,50
400,50,50,50,50,50,50,50,50,50,50
401,50,50,50,50,50,50,50,50,50,50
402,50,50,50,50,50,50,50,50,50,50
403,50,50,50,50,50,50,50,50,50,50
404,50,50,50,50,50,50,50,50,50,50
405,50,50,50,50,50,50,50,50,50,50
406,50,50,50,50,50,50,50,50,50,50
407,50,50,50,50,50,50,50,50,50,50
408,50,50,50,50,50,50,50,50,50,50
409,50,50,50,50,50,50,50,50,50,50
410,50,50,50,50,50,50,50,50,50,50
411,50,50,50,50,50,50,50,50,50,50
412,50,50,50,50,50,50,50,50,50,50
413,50,50,50,50,50,50,50,50,50,50
414,50,50,50,50,50,50,50,50,50,50
415,50,50,50,50,50,50,50,50,50,50
416,50,50,50,50,50,50,50,50,50,50
417,50,50,50,50,50,50,50,50,50,50
418,50,50,50,50,50,50,50,50,50,50
419,50,50,50,50,50,50,50,50,50,50
420,50,50,50,50,50,50,50,50,50,50
421,50,50,50,50,50,50,50,50,50,50
422,50,50,50,50,50,50,50,50,50,50
423,50,50,50,50,50,50,50,50,50,50
424,50,50,50,50,50,50,50,50,50,50
425,50,50,50,50,50,50,50,50,50,50
426,50,50,50,50,50,50,50,50,50,50
427,50,50,50,50,50,50,50,50,50,50
428,50,50,50,50,50,50,50,50,50,50
429,50,50,50,50,50,50,50,50,50,50
430,50,50,50,50,50,50,50,50,50,50
431,50,50,50,50,50,50,50,50,50,50
432,50,50,50,50,50,50,50,50,50,50
433,50,50,50,50,50,50,50,50,50,50
434,50,50,50,50,50,50,50,50,50,50
435,50,50,50,50,50,50,50,50,50,50
436,50,50,50,50,50,50,50,50,50,50
437,50,50,50,50,50,50,50,50,50,50
438,50,50,50,50,50,50,50,50,50,50
439,50,50,50,50,50,50,50,50,50,50
440,50,50,50,50,50,50,50,50,50,50
441,50,50,50,50,50,50,50,50,50,50
442,50,50,50,50,50,50,50,50,50,50
443,50,50,50,50,50,50,50,50,50,50
444,50,50,50,50,50,50,50,50,50,50
445,50,50,50,50,50,50,50,50,50,50
446,50,50,50,50,50,50,50,50,50,50
447,50,50,50,50,50,50,50,50,50,50
448,50,50,50,50,50,50,50,50,50,50
449,50,50,50,50,50,50,50,50,50,50
450,50,50,50,50,50,50,50,50,50,50
451,50,50,50,50,50,50,50,50,50,50
452,50,50,50,50,50,50,50,50,50,50
453,50,50,50,50,50,50,50,50,50,50
454,50,50,50,50,50,50,50,50,50,50
455,50,50,50,50,50,50,50,50,50,50
456,50,50,50,50,50,50,50,50,50,50
457,50,50,50,50,50,50,50,50,50,50
458,50,50,50,50,50,50,50,50,50,50
459,50,50,50,50,50,50,50,50,50,50
460,50,50,50,50,50,50,50,50,50,50
461,50,50,50,50,50,50,50,50,50,50
462,50,50,50,50,50,50,50,50,50,50
463,50,50,50,50,50,50,50,50,50,50
464,50,50,50,50,50,50,50,50,50,50
465,50,50,50,50,50,50,50,50,50,50
466,50,50,50,50,50,50,50,50,50,50
467,50,50,50,50,50,50,50,50,50,50
468,50,50,50,50,50,50,50,50,50,50
469,50,50,50,50,50,50,50,50,50,50
470,50,50,50,50,50,50,50,50,50,50
471,50,50,50,50,50,50,50,50,50,50
472,50,50,50,50,50,50,50,50,50,50
473,50,50,50,50,50,50,50,50,50,50
474,50,50,50,50,50,50,50,50,50,50
475,50,50,50,50,50,50,50,50,50,50
476,50,50,50,50,50,50,50,50,50,50
477,50,50,50,50,50,50,50,50,50,50
478,50,50,50,50,50,50,50,50,50,50
479,50,50,50,50,50,50,50,50,50,50
480,50,50,50,50,50,50,50,50,50,50
481,50,50,50,50,50,50,50,50,50,50
482,50,50,50,50,50,50,50,50,50,50
483,50,50,50,50,50,50,50,50,50,50
484,50,50,50,50,50,50,50,50,50,50
485,50,50,50,50,50,50,50,50,50,50
486,50,50,50,50,50,50,50,50,50,50
487,50,50,50,50,50,50,50,50,50,50
488,50,50,50,50,50,50,50,50,50,50
489,50,50,50,50,50,50,50,50,50,50
490,50,50,50,50,50,50,50,50,50,50
491,50,50,50,50,50,50,50,50,50,50
492,50,50,50,50,50,50,50,50,50,50
493,50,50,50,50,50,50,50,50,50,50
494,50,50,50,50,50,50,50,50,50,50
495,50,50,50,50,50,50,50,50,50,50
496,50,50,50,50,50,50,50,50,50,50
497,50,50,50,50,50,50,50,50,50,50
498,50,50,50,50,50,50,50,50,50,50
499,50,50,50,50,50,50,50,50,50,50
500,50,50,50,50,50,50,50,50,50,50
501,50,50,50,50,50,50,50,50,50,50
502,50,50,50,50,50,50,50,50,50,50
503,50,50,50,50,50,50,50,50,50,50
504,50,50,50,50,50,50,50,50,50,50
505,50,50,50,50,50,50,50,50,50,50
506,50,50,50,50,50,50,50,50,50,50
507,50,50,50,50,50,50,50,50,50,50
508,50,50,50,50,50,50,50,50,50,50
509,50,50,50,50,50,50,50,50,50,50
510,50,50,50,50,50,50,50,50,50,50
511,50,50,50,50,50,50,50,50,50,50
512,50,50,50,50,50,50,50,50,50,50
513,50,50,50,50,50,50,50,50,50,50
514,50,50,50,50,50,50,50,50,50,50
515,50,50,50,50,50,50,50,50,50,50
516,50,50,50,50,50,50,50,50,50,50
517,50,50,50,50,50,50,50,50,50,50
518,50,50,50,50,50,50,50,50,50,50
519,50,50,50,50,50,50,50,50,50,50
520,50,50,50,50,50,50,50,50,50,50
521,50,50,50,50,50,50,50,50,50,50
522,50,50,50,50,50,50,50,50,50,50
523,50,50,50,50,50,50,50,50,50,50
524,50,50,50,50,50,50,50,50,50,50
525,50,50,50,50,50,50,50,50,50,50
526,50,50,50,50,50,50,50,50,50,50
527,50,50,50,50,50,50,50,50,50,50
528,50,50,50,50,50,50,50,50,50,50
529,50,50,50,50,50,50,50,50,50,50
530,50,50,50,50,50,50,50,50,50,50
531,50,50,50,50,50,50,50,50,50,50
532,50,50,50,50,50,50,50,50,50,50
533,50,50,50,50,50,50,50,50,50,50
534,50,50,50,50,50,50,50,50,50,50
535,50,50,50,50,50,50,50,50,50,50
536,50,50,50,50,50,50,50,50,50,50
537,50,50,50,50,50,50,50,50,50,50
538,50,50,50,50,50,50,50,50,50,50
539,50,50,50,50,50,50,50,50,50,50
540,50,50,50,50,50,50,50,50,50,50
541,50,50,50,50,50,50,50,50,50,50
542,50,50,50,50,50,50,50,50,50,50
543,50,50,50,50,50,50,50,50,50,50
544,50,50,50,50,50,50,50,50,50,50
545,50,50,50,50,50,50,50,50,50,50
546,50,50,50,50,50,50,50,50,50,50
547,50,50,50,50,50,50,50,50,50,50
548,50,50,50,50,50,50,50,50,50,50
549,50,50,50,50,50,50,50,50,50,50
550,50,50,50,50,50,50,50,50,50,50
551,50,50,50,50,50,50,50,50,50,50
552,50,50,50,50,50,50,50,50,50,50
553,50,50,50,50,50,50,50,50,50,50
554,50,50,50,50,50,50,50,50,50,50
555,50,50,50,50,50,50,50,50,50,50
556,50,50,50,50,50,50,50,50,50,50
557,50,50,50,50,50,50,50,50,50,50
558,50,50,50,50,50,50,50,50,50,50
559,50,50,50,50,50,50,50,50,50,50
560,50,50,50,50,50,50,50,50,50,50
561,50,50,50,50,50,50,50,50,50,50
562,50,50,50,50,50,50,50,50,50,50
563,50,50,50,50,50,50,50,50,50,50
564,50,50,50,50,50,50,50,50,50,50
565,50,50,50,50,50,50,50,50,50,50
566,50,50,50,50,50,50,50,50,50,50
567,50,50,50,50,50,50,50,50,50,50
568,50,50,50,50,50,50,50,50,50,50
569,50,50,50,50,50,50,50,50,50,50
570,50,50,50,50,50,50,50,50,50,50
571,50,50,50,50,50,50,50,50,50,50
572,50,50,50,50,50,50,50,50,50,50
573,50,50,50,50,50,50,50,50,50,50
574,50,50,50,50,50,50,50,50,50,50
575,50,50,50,50,50,50,50,50,50,50
576,50,50,50,50,50,50,50,50,50,50
577,50,50,50,50,50,50,50,50,50,50
578,50,50,50,50,50,50,50,50,50,50
579,50,50,50,50,50,50,50,50,50,50
580,50,50,50,50,50,50,50,50,50,50
581,50,50,50,50,50,50,50,50,50,50
582,50,50,50,50,50,50,50,50,50,50
583,50,50,50,50,50,50,50,50,50,50
584,50,50,50,50,50,50,50,50,50,50
585,50,50,50,50,50,50,50,50,50,50
586,50,50,50,50,50,50,50,50,50,50
587,50,50,50,50,50,50,50,50,50,50
588,50,50,50,50,50,50,50,50,50,50
589,50,50,50,50,50,50,50,50,50,50
590,50,50,50,50,50,50,50,50,50,50
591,50,50,50,50,50,50,50,50,50,50
592,50,50,50,50,50,50,50,50,50,50
593,50,50,50,50,50,50,50,50,50,50
594,50,50,50,50,50,50,50,50,50,50
595,50,50,50,50,50,50,50,50,50,50
596,50,50,50,50,50,50,50,50,50,50
597,50,50,50,50,50,50,50,50,50,50
598,50,50,50,50,50,50,50,50,50,50
599,50,50,50,50,50,50,50,50,50,50
600,50,50,50,50,50,50,50,50,50,50
601,50,50,50,50,50,50,50,50,50,50
602,50,50,50,50,50,50,50,50,50,50
603,50,50,50,50,50,50,50,50,50,50
604,50,50,50,50,50,50,50,50,50,50
605,50,50,50,50,50,50,50,50,50,50
606,50,50,50,50,50,50,50,50,50,50
607,50,50,50,50,50,50,50,50,50,50
608,50,50,50,50,50,50,50,50,50,50
609,50,50,50,50,50,50,50,50,50,50
610,50,50,50,50,50,50,50,50,50,50
611,50,50,50,50,50,50,50,50,50,50
612,50,50,50,50,50,50,50,50,50,50
613,50,50,50,50,50,50,50,50,50,50
614,50,50,50,50,50,50,50,50,50,50
615,50,50,50,50,50,50,50,50,50,50
616,50,50,50,50,50,50,50,50,50,50
617,50,50,50,50,50,50,50,50,50,50
618,50,50,50,50,50,50,50,50,50,50
619,50,50,50,50,50,50,50,50,50,50
620,50,50,50,50,50,50,50,50,50,50
621,50,50,50,50,50,50,50,50,50,50
622,50,50,50,50,50,50,50,50,50,50
623,50,50,50,50,50,50,50,50,50,50
624,50,50,50,50,50,50,50,50,50,50
625,50,50,50,50,50,50,50,50,50,50
626,50,50,50,50,50,50,50,50,50,50
627,50,50,50,50,50,50,50,50,50,50
628,50,50,50,50,50,50,50,50,50,50
629,50,50,50,50,50,50,50,50,50,50
630,50,50,50,50,50,50,50,50,50,50
631,50,50,50,50,50,50,50,50,50,50
632,50,50,50,50,50,50,50,50,50,50
633,50,50,50,50,50,50,50,50,50,50
634,50,50,50,50,50,50,50,50,50,50
635,50,50,50,50,50,50,50,50,50,50
636,50,50,50,50,50,50,50,50,50,50
637,50,50,50,50,50,50,50,50,50,50
638,50,50,50,50,50,50,50,50,50,50
639,50,50,50,50,50,50,50,50,50,50
640,50,50,50,50,50,50,50,50,50,50
641,50,50,50,50,50,50,50,50,50,50
642,50,50,50,50,50,50,50,50,50,50
643,50,50,50,50,50,50,50,50,50,50
644,50,50,50,50,50,50,50,50,50,50
645,50,50,50,50,50,50,50,50,50,50
646,50,50,50,50,50,50,50,50,50,50
647,50,50,50,50,50,50,50,50,50,50
648,50,50,50,50,50,50,50,50,50,50
649,50,50,50,50,50,50,50,50,50,50
650,50,50,50,50,50,50,50,50,50,50
651,50,50,50,50,50,50,50,50,50,50
652,50,50,50,50,50,50,50,50,50,50
653,50,50,50,50,50,50,50,50,50,50
654,50,50,50,50,50,50,50,50,50,50
655,50,50,50,50,50,50,50,50,50,50
656,50,50,50,50,50,50,50,50,50,50
657,50,50,50,50,50,50,50,50,50,50
658,50,50,50,50,50,50,50,50,50,50
659,50,50,50,50,50,50,50,50,50,50
660,50,50,50,50,50,50,50,50,50,50
661,50,50,50,50,50,50,50,50,50,50
662,50,50,50,50,50,50,50,50,50,50
663,50,50,50,50,50,50,50,50,50,50
664,50,50,50,50,50,50,50,50,50,50
665,50,50,50,50,50,50,50,50,50,50
666,50,50,50,50,50,50,50,50,50,50
667,50,50,50,50,50,50,50,50,50,50
668,50,50,50,50,50,50,50,50,50,50
669,50,50,50,50,50,50,50,50,50,50
670,50,50,50,50,50,50,50,50,50,50
671,50,50,50,50,50,50,50,50,50,50
672,50,50,50,50,50,50,50,50,50,50
673,50,50,50,50,50,50,50,50,50,50
674,50,50,50,50,50,50,50,50,50,50
675,50,50,50,50,50,50,50,50,50,50
676,50,50,50,50,50,50,50,50,50,50
677,50,50,50,50,50,50,50,50,50,50
678,50,50,50,50,50,50,50,50,50,50
679,50,50,50,50,50,50,50,50,50,50
680,50,50,50,50,50,50,50,50,50,50
681,50,50,50,50,50,50,50,50,50,50
682,50,50,50,50,50,50,50,50,50,50
683,50,50,50,50,50,50,50,50,50,50
684,50,50,50,50,50,50,50,50,50,50
685,50,50,50,50,50,50,50,50,50,50
686,50,50,50,50,50,50,50,50,50,50
687,50,50,50,50,50,50,50,50,50,50
688,50,50,50,50,50,50,50,50,50,50
689,50,50,50,50,50,50,50,50,50,50
690,50,50,50,50,50,50,50,50,50,50
691,50,50,50,50,50,50,50,50,50,50
692,50,50,50,50,50,50,50,50,50,50
693,50,50,50,50,50,50,50,50,50,50
694,50,50,50,50,50,50,50,50,50,50
695,50,50,50,50,50,50,50,50,50,50
696,50,50,50,50,50,50,50,50,50,50
697,50,50,50,50,50,50,50,50,50,50
698,50,50,50,50,50,50,50,50,50,50
699,50,50,50,50,50,50,50,50,50,50
700,50,50,50,50,50,50,50,50,50,50
701,50,50,50,50,50,50,50,50,50,50
702,50,50,50,50,50,50,50,50,50,50
703,50,50,50,50,50,50,50,50,50,50
704,50,50,50,50,50,50,50,50,50,50
705,50,50,50,50,50,50,50,50,50,50
706,50,50,50,50,50,50,50,50,50,50
707,50,50,50,50,50,50,50,50,50,50
708,50,50,50,50,50,50,50,50,50,50
709,50,50,50,50,50,50,50,50,50,50
710,50,50,50,50,50,50,50,50,50,50
711,50,50,50,50,50,50,50,50,50,50
712,50,50,50,50,50,50,50,50,50,50
713,50,50,50,50,50,50,50,50,50,50
714,50,50,50,50,50,50,50,50,50,50
715,50,50,50,50,50,50,50,50,50,50
716,50,50,50,50,50,50,50,50,50,50
717,50,50,50,50,50,50,50,50,50,50
718,50,50,50,50,50,50,50,50,50,50
719,50,50,50,50,50,50,50,50,50,50
720,50,50,50,50,50,50,50,50,50,50
721,50,50,50,50,50,50,50,50,50,50
722,50,50,50,50,50,50,50,50,50,50
723,50,50,50,50,50,50,50,50,50,50
724,50,50,50,50,50,50,50,50,50,50
725,50,50,50,50,50,50,50,50,50,50
726,50,50,50,50,50,50,50,50,50,50
727,50,50,50,50,50,50,50,50,50,50
728,50,50,50,50,50,50,50,50,50,50
729,50,50,50,50,50,50,50,50,50,50
730,50,50,50,50,50,50,50,50,50,50
731,50,50,50,50,50,50,50,50,50,50
732,50,50,50,50,50,50,50,50,50,50
733,50,50,50,50,50,50,50,50,50,50
734,50,50,50,50,50,50,50,50,50,50
735,50,50,50,50,50,50,50,50,50,50
736,50,50,50,50,50,50,50,50,50,50
737,50,50,50,50,50,50,50,50,50,50
738,50,50,50,50,50,50,50,50,50,50
739,50,50,50,50,50,50,50,50,50,50
740,50,50,50,50,50,50,50,50,50,50
741,50,50,50,50,50,50,50,50,50,50
742,50,50,50,50,50,50,50,50,50,50
743,50,50,50,50,50,50,50,50,50,50
744,50,50,50,50,50,50,50,50,50,50
745,50,50,50,50,50,50,50,50,50,50
746,50,50,50,50,50,50,50,50,50,50
747,50,50,50,50,50,50,50,50,50,50
748,50,50,50,50,50,50,50,50,50,50
749,50,50,50,50,50,50,50,50,50,50
750,50,50,50,50,50,50,50,50,50,50
751,50,50,50,50,50,50,50,50,50,50
752,50,50,50,50,50,50,50,50,50,50
753,50,50,50,50,50,50,50,50,50,50
754,50,50,50,50,50,50,50,50,50,50
755,50,50,50,50,50,50,50,50,50,50
756,50,50,50,50,50,50,50,50,50,50
757,50,50,50,50,50,50,50,50,50,50
758,50,50,50,50,50,50,50,50,50,50
759,50,50,50,50,50,50,50,50,50,50
760,50,50,50,50,50,50,50,50,50,50
761,50,50,50,50,50,50,50,50,50,50
762,50,50,50,50,50,50,50,50,50,50
763,50,50,50,50,50,50,50,50,50,50
764,50,50,50,50,50,50,50,50,50,50
765,50,50,50,50,50,50,50,50,50,50
766,50,50,50,50,50,50,50,50,50,50
767,50,50,50,50,50,50,50,50,50,50
768,50,50,50,50,50,50,50,50,50,50
769,50,50,50,50,50,50,50,50,50,50
770,50,50,50,50,50,50,50,50,50,50
771,50,50,50,50,50,50,50,50,50,50
772,50,50,50,50,50,50,50,50,50,50
773,50,50,50,50,50,50,50,50,50,50
774,50,50,50,50,50,50,50,50,50,50
775,50,50,50,50,50,50,50,50,50,50
776,50,50,50,50,50,50,50,50,50,50
777,50,50,50,50,50,50,50,50,50,50
778,50,50,50,50,50,50,50,50,50,50
779,50,50,50,50,50,50,50,50,50,50
780,50,50,50,50,50,50,50,50,50,50
781,50,50,50,50,50,50,50,50,50,50
782,50,50,50,50,50,50,50,50,50,50
783,50,50,50,50,50,50,50,50,50,50
784,50,50,50,50,50,50,50,50,50,50
785,50,50,50,50,50,50,50,50,50,50
786,50,50,50,50,50,50,50,50,50,50
787,50,50,50,50,50,50,50,50,50,50
788,50,50,50,50,50,50,50,50,50,50
789,50,50,50,50,50,50,50,50,50,50
790,50,50,50,50,50,50,50,50,50,50
791,50,50,50,50,50,50,50,50,50,50
792,50,50,50,50,50,50,50,50,50,50
793,50,50,50,50,50,50,50,50,50,50
794,50,50,50,50,50,50,50,50,50,50
795,50,50,50,50,50,50,50,50,50,50
796,50,50,50,50,50,50,50,50,50,50
797,50,50,50,50,50,50,50,50,50,50
798,50,50,50,50,50,50,50,50,50,50
799,50,50,50,50,50,50,50,50,50,50
800,50,50,50,50,50,50,50,50,50,50
801,50,50,50,50,50,50,50,50,50,50
802,50,50,50,50,50,50,50,50,50,50
803,50,50,50,50,50,50,50,50,50,50
804,50,50,50,50,50,50,50,50,50,50
805,50,50,50,50,50,50,50,50,50,50
806,50,50,50,50,50,50,50,50,50,50
807,50,50,50,50,50,50,50,50,50,50
808,50,50,50,50,50,50,50,50,50,50
809,50,50,50,50,50,50,50,50,50,50
810,50,50,50,50,50,50,50,50,50,50
811,50,50,50,50,50,50,50,50,50,50
812,50,50,50,50,50,50,50,50,50,50
813,50,50,50,50,50,50,50,50,50,50
814,50,50,50,50,50,50,50,50,50,50
815,50,50,50,50,50,50,50,50,50,50
816,50,50,50,50,50,50,50,50,50,50
817,50,50,50,50,50,50,50,50,50,50
818,50,50,50,50,50,50,50,50,50,50
819,50,50,50,50,50,50,50,50,50,50
820,50,50,50,50,50,50,50,50,50,50
821,50,50,50,50,50,50,50,50,50,50
822,50,50,50,50,50,50,50,50,50,50
823,50,50,50,50,50,50,50,50,50,50
824,50,50,50,50,50,50,50,50,50,50
825,50,50,50,50,50,50,50,50,50,50
826,50,50,50,50,50,50,50,50,50,50
827,50,50,50,50,50,50,50,50,50,50
828,50,50,50,50,50,50,50,50,50,50
829,50,50,50,50,50,50,50,50,50,50
830,50,50,50,50,50,50,50,50,50,50
831,50,50,50,50,50,50,50,50,50,50
832,50,50,50,50,50,50,50,50,50,50
833,50,50,50,50,50,50,50,50,50,50
834,50,50,50,50,50,50,50,50,50,50
835,50,50,50,50,50,50,50,50,50,50
836,50,50,50,50,50,50,50,50,50,50
837,50,50,50,50,50,50,50,50,50,50
838,50,50,50,50,50,50,50,50,50,50
839,50,50,50,50,50,50,50,50,50,50
840,50,50,50,50,50,50,50,50,50,50
841,50,50,50,50,50,50,50,50,50,50
842,50,50,50,50,50,50,50,50,50,50
843,50,50,50,50,50,50,50,50,50,50
844,50,50,50,50,50,50,50,50,50,50
845,50,50,50,50,50,50,50,50,50,50
846,50,50,50,50,50,50,50,50,50,50
847,50,50,50,50,50,50,50,50,50,50
848,50,50,50,50,50,50,50,50,50,50
849,50,50,50,50,50,50,50,50,50,50
850,50,50,50,50,50,50,50,50,50,50
851,50,50,50,50,50,50,50,50,50,50
852,50,50,50,50,50,50,50,50,50,50
853,50,50,50,50,50,50,50,50,50,50
854,50,50,50,50,50,50,50,50,50,50
855,50,50,50,50,50,50,50,50,50,50
856,50,50,50,50,50,50,50,50,50,50
857,50,50,50,50,50,50,50,50,50,50
858,50,50,50,50,50,50,50,50,50,50
859,50,50,50,50,50,50,50,50,50,50
860,50,50,50,50,50,50,50,50,50,50
861,50,50,50,50,50,50,50,50,50,50
862,50,50,50,50,50,50,50,50,50,50
863,50,50,50,50,50,50,50,50,50,50
864,50,50,50,50,50,50,50,50,50,50
865,50,50,50,50,50,50,50,50,50,50
866,50,50,50,50,50,50,50,50,50,50
867,50,50,50,50,50,50,50,50,50,50
868,50,50,50,50,50,50,50,50,50,50
869,50,50,50,50,50,50,50,50,50,50
870,50,50,50,50,50,50,50,50,50,50
871,50,50,50,50,50,50,50,50,50,50
872,50,50,50,50,50,50,50,50,50,50
873,50,50,50,50,50,50,50,50,50,50
874,50,50,50,50,50,50,50,50,50,50
875,50,50,50,50,50,50,50,50,50,50
876,50,50,50,50,50,50,50,50,50,50
877,50,50,50,50,50,50,50,50,50,50
878,50,50,50,50,50,50,50,50,50,50
879,50,50,50,50,50,50,50,50,50,50
880,50,50,50,50,50,50,50,50,50,50
881,50,50,50,50,50,50,50,50,50,50
882,50,50,50,50,50,50,50,50,50,50
883,50,50,50,50,50,50,50,50,50,50
884,50,50,50,50,50,50,50,50,50,50
885,50,50,50,50,50,50,50,50,50,50
886,50,50,50,50,50,50,50,50,50,50
887,50,50,50,50,50,50,50,50,50,50
888,50,50,50,50,50,50,50,50,50,50
889,50,50,50,50,50,50,50,50,50,50
890,50,50,50,50,50,50,50,50,50,50
891,50,50,50,50,50,50,50,50,50,50
892,50,50,50,50,50,50,50,50,50,50
893,50,50,50,50,50,50,50,50,50,50
894,50,50,50,50,50,50,50,50,50,50
895,50,50,50,50,50,50,50,50,50,50
896,50,50,50,50,50,50,50,50,50,50
897,50,50,50,50,50,50,50,50,50,50
898,50,50,50,50,50,50,50,50,50,50
899,50,50,50,50,50,50,50,50,50,50
900,50,50,50,50,50,50,50,50,50,50
901,50,50,50,50,50,50,50,50,50,50
902,50,50,50,50,50,50,50,50,50,50
903,50,50,50,50,50,50,50,50,50,50
904,50,50,50,50,50,50,50,50,50,50
905,50,50,50,50,50,50,50,50,50,50
906,50,50,50,50,50,50,50,50,50,50
907,50,50,50,50,50,50,50,50,50,50
908,50,50,50,50,50,50,50,50,50,50
909,50,50,50,50,50,50,50,50,50,50
910,50,50,50,50,50,50,50,50,50,50
911,50,50,50,50,50,50,50,50,50,50
912,50,50,50,50,50,50,50,50,50,50
913,50,50,50,50,50,50,50,50,50,50
914,50,50,50,50,50,50,50,50,50,50
915,50,50,50,50,50,50,50,50,50,50
916,50,50,50,50,50,50,50,50,50,50
917,50,50,50,50,50,50,50,50,50,50
918,50,50,50,50,50,50,50,50,50,50
919,50,50,50,50,50,50,50,50,50,50
920,50,50,50,50,50,50,50,50,50,50
921,50,50,50,50,50,50,50,50,50,50
922,50,50,50,50,50,50,50,50,50,50
923,50,50,50,50,50,50,50,50,50,50
924,50,50,50,50,50,50,50,50,50,50
925,50,50,50,50,50,50,50,50,50,50
926,50,50,50,50,50,50,50,50,50,50
927,50,50,50,50,50,50,50,50,50,50
928,50,50,50,50,50,50,50,50,50,50
929,50,50,50,50,50,50,50,50,50,50
930,50,50,50,50,50,50,50,50,50,50
931,50,50,50,50,50,50,50,50,50,50
932,50,50,50,50,50,50,50,50,50,50
933,50,50,50,50,50,50,50,50,50,50
934,50,50,50,50,50,50,50,50,50,50
935,50,50,50,50,50,50,50,50,50,50
936,50,50,50,50,50,50,50,50,50,50
937,50,50,50,50,50,50,50,50,50,50
938,50,50,50,50,50,50,50,50,50,50
939,50,50,50,50,50,50,50,50,50,50
940,50,50,50,50,50,50,50,50,50,50
941,50,50,50,50,50,50,50,50,50,50
942,50,50,50,50,50,50,50,50,50,50
943,50,50,50,50,50,50,50,50,50,50
944,50,50,50,50,50,50,50,50,50,50
945,50,50,50,50,50,50,50,50,50,50
946,50,50,50,50,50,50,50,50,50,50
947,50,50,50,50,50,50,50,50,50,50
948,50,50,50,50,50,50,50,50,50,50
949,50,50,50,50,50,50,50,50,50,50
950,50,50,50,50,50,50,50,50,50,50
951,50,50,50,50,50,50,50,50,50,50
952,50,50,50,50,50,50,50,50,50,50
953,50,50,50,50,50,50,50,50,50,50
954,50,50,50,50,50,50,50,50,50,50
955,50,50,50,50,50,50,50,50,50,50
956,50,50,50,50,50,50,50,50,50,50
957,50,50,50,50,50,50,50,50,50,50
958,50,50,50,50,50,50,50,50,50,50
959,50,50,50,50,50,50,50,50,50,50
960,50,50,50,50,50,50,50,50,50,50
961,50,50,50,50,50,50,50,50,50,50
962,50,50,50,50,50,50,50,50,50,50
963,50,50,50,50,50,50,50,50,50,50
964,50,50,50,50,50,50,50,50,50,50
965,50,50,50,50,50,50,50,50,50,50
966,50,50,50,50,50,50,50,50,50,50
967,50,50,50,50,50,50,50,50,50,50
968,50,50,50,50,50,50,50,50,50,50
969,50,50,50,50,50,50,50,50,50,50
970,50,50,50,50,50,50,50,50,50,50
971,50,50,50,50,50,50,50,50,50,50
972,50,50,50,50,50,50,50,50,50,50
973,50,50,50,50,50,50,50,50,50,50
974,50,50,50,50,50,50,50,50,50,50
975,50,50,50,50,50,50,50,50,50,50
976,50,50,50,50,50,50,50,50,50,50
977,50,50,50,50,50,50,50,50,50,50
978,50,50,50,50,50,50,50,50,50,50
979,50,50,50,50,50,50,50,50,50,50
980,50,50,50,50,50,50,50,50,50,50
981,50,50,50,50,50,50,50,50,50,50
982,50,50,50,50,50,50,50,50,50,50
983,50,50,50,50,50,50,50,50,50,50
984,50,50,50,50,50,50,50,50,50,50
985,50,50,50,50,50,50,50,50,50,50
986,50,50,50,50,50,50,50,50,50,50
987,50,50,50,50,50,50,50,50,50,50
988,50,50,50,50,50,50,50,50,50,50
989,50,50,50,50,50,50,50,50,50,50
990,50,50,50,50,50,50,50,50,50,50
991,50,50,50,50,50,50,50,50,50,50
992,50,50,50,50,50,50,50,50,50,50
993,50,50,50,50,50,50,50,50,50,50
994,50,50,50,50,50,50,50,50,50,50
995,50,50,50,50,50,50,50,50,50,50
996,50,50,50,50,50,50,50,50,50,50
997,50,50,50,50,50,50,50,50,50,50
998,50,50,50,50,50,50,50,50,50,50
999,50,50,50,50,50,50,50,50,50,50
1000,50,50,50,50,50,50,50,50,50,50
1001,50,50,50,50,50,50,50,50,50,50
1002,50,50,50,50,50,50,50,50,50,50
1003,50,50,50,50,50,50,50,50,50,50
1004,50,50,50,50,50,50,50,50,50,50
1005,50,50,50,50,50,50,50,50,50,50
1006,50,50,50,50,50,50,50,50,50,50
1007,50,50,50,50,50,50,50,50,50,50
1008,50,50,50,50,50,50,50,50,50,50
1009,50,50,50,50,50,50,50,50,50,50
1010,50,50,50,50,50,50,50,50,50,50
1011,50,50,50,50,50,50,50,50,50,50
1012,50,50,50,50,50,50,50,50,50,50
1013,50,50,50,50,50,50,50,50,50,50
1014,50,50,50,50,50,50,50,50,50,50
1015,50,50,50,50,50,50,50,50,50,50
1016,50,50,50,50,50,50,50,50,50,50
1017,50,50,50,50,50,50,50,50,50,50
1018,50,50,50,50,50,50,50,50,50,50
1019,50,50,50,50,50,50,50,50,50,50
1020,50,50,50,50,50,50,50,50,50,50
1021,50,50,50,50,50,50,50,50,50,50
1022,50,50,50,50,50,50,50,50,50,50
1023,50,50,50,50,50,50,50,50,50,50
1024,50,50,50,50,50,50,50,50,50,50
1025,50,50,50,50,50,50,50,50,50,50
1026,50,50,50,50,50,50,50,50,50,50
1027,50,50,50,50,50,50,50,50,50,50
1028,50,50,50,50,50,50,50,50,50,50
1029,50,50,50,50,50,50,50,50,50,50
1030,50,50,50,50,50,50,50,50,50,50
1031,50,50,50,50,50,50,50,50,50,50
1032,50,50,50,50,50,50,50,50,50,50
1033,50,50,50,50,50,50,50,50,50,50
1034,50,50,50,50,50,50,50,50,50,50
1035,50,50,50,50,50,50,50,50,50,50
1036,50,50,50,50,50,50,50,50,50,50
1037,50,50,50,50,50,50,50,50,50,50
1038,50,50,50,50,50,50,50,50,50,50
1039,50,50,50,50,50,50,50,50,50,50
1040,50,50,50,50,50,50,50,50,50,50
1041,50,50,50,50,50,50,50,50,50,50
1042,50,50,50,50,50,50,50,50,50,50
1043,50,50,50,50,50,50,50,50,50,50
1044,50,50,50,50,50,50,50,50,50,50
1045,50,50,50,50,50,50,50,50,50,50
1046,50,50,50,50,50,50,50,50,50,50
1047,50,50,50,50,50,50,50,50,50,50
1048,50,50,50,50,50,50,50,50,50,50
1049,50,50,50,50,50,50,50,50,50,50
1050,50,50,50,50,50,50,50,50,50,50
1051,50,50,50,50,50,50,50,50,50,50
1052,50,50,50,50,50,50,50,50,50,50
1053,50,50,50,50,50,50,50,50,50,50
1054,50,50,50,50,50,50,50,50,50,50
1055,50,50,50,50,50,50,50,50,50,50
1056,50,50,50,50,50,50,50,50,50,50
1057,50,50,50,50,50,50,50,50,50,50
1058,50,50,50,50,50,50,50,50,50,50
1059,50,50,50,50,50,50,50,50,50,50
1060,50,50,50,50,50,50,50,50,50,50
1061,50,50,50,50,50,50,50,50,50,50
1062,50,50,50,50,50,50,50,50,50,50
1063,50,50,50,50,50,50,50,50,50,50
1064,50,50,50,50,50,50,50,50,50,50
1065,50,50,50,50,50,50,50,50,50,50
1066,50,50,50,50,50,50,50,50,50,50
1067,50,50,50,50,50,50,50,50,50,50
1068,50,50,50,50,50,50,50,50,50,50
1069,50,50,50,50,50,50,50,50,50,50
1070,50,50,50,50,50,50,50,50,50,50
1071,50,50,50,50,50,50,50,50,50,50
1072,50,50,50,50,50,50,50,50,50,50
1073,50,50,50,50,50,50,50,50,50,50
1074,50,50,50,50,50,50,50,50,50,50
1075,50,50,50,50,50,50,50,50,50,50
1076,50,50,50,50,50,50,50,50,50,50
1077,50,50,50,50,50,50,50,50,50,50
1078,50,50,50,50,50,50,50,50,50,50
1079,50,50,50,50,50,50,50,50,50,50
1080,50,50,50,50,50,50,50,50,50,50
1081,50,50,50,50,50,50,50,50,50,50
1082,50,50,50,50,50,50,50,50,50,50
1083,50,50,50,50,50,50,50,50,50,50
1084,50,50,50,50,50,50,50,50,50,50
1085,50,50,50,50,50,50,50,50,50,50
1086,50,50,50,50,50,50,50,50,50,50
1087,50,50,50,50,50,50,50,50,50,50
1088,50,50,50,50,50,50,50,50,50,50
1089,50,50,50,50,50,50,50,50,50,50
1090,50,50,50,50,50,50,50,50,50,50
1091,50,50,50,50,50,50,50,50,50,50
1092,50,50,50,50,50,50,50,50,50,50
1093,50,50,50,50,50,50,50,50,50,50
1094,50,50,50,50,50,50,50,50,50,50
1095,50,50,50,50,50,50,50,50,50,50
1096,50,50,50,50,50,50,50,50,50,50
1097,50,50,50,50,50,50,50,50,50,50
1098,50,50,50,50,50,50,50,50,50,50
1099,50,50,50,50,50,50,50,50,50,50
1100,50,50,50,50,50,50,50,50,50,50
1101,50,50,50,50,50,50,50,50,50,50
1102,50,50,50,50,50,50,50,50,50,50
1103,50,50,50,50,50,50,50,50,50,50
1104,50,50,50,50,50,50,50,50,50,50
1105,50,50,50,50,50,50,50,50,50,50
1106,50,50,50,50,50,50,50,50,50,50
1107,50,50,50,50,50,50,50,50,50,50
1108,50,50,50,50,50,50,50,50,50,50
1109,50,50,50,50,50,50,50,50,50,50
1110,50,50,50,50,50,50,50,50,50,50
1111,50,50,50,50,50,50,50,50,50,50
1112,50,50,50,50,50,50,50,50,50,50
1113,50,50,50,50,50,50,50,50,50,50
1114,50,50,50,50,50,50,50,50,50,50
1115,50,50,50,50,50,50,50,50,50,50
1116,50,50,50,50,50,50,50,50,50,50
1117,50,50,50,50,50,50,50,50,50,50
1118,50,50,50,50,50,50,50,50,50,50
1119,50,50,50,50,50,50,50,50,50,50
1120,50,50,50,50,50,50,50,50,50,50
1121,50,50,50,50,50,50,50,50,50,50
1122,50,50,50,50,50,50,50,50,50,50
1123,50,50,50,50,50,50,50,50,50,50
1124,50,50,50,50,50,50,50,50,50,50
1125,50,50,50,50,50,50,50,50,50,50
1126,50,50,50,50,50,50,50,50,50,50
1127,50,50,50,50,50,50,50,50,50,50
1128,50,50,50,50,50,50,50,50,50,50
1129,50,50,50,50,50,50,50,50,50,50
1130,50,50,50,50,50,50,50,50,50,50
1131,50,50,50,50,50,50,50,50,50,50
1132,50,50,50,50,50,50,50,50,50,50
1133,50,50,50,50,50,50,50,50,50,50
1134,50,50,50,50,50,50,50,50,50,50
1135,50,50,50,50,50,50,50,50,50,50
1136,50,50,50,50,50,50,50,50,50,50
1137,50,50,50,50,50,50,50,50,50,50
1138,50,50,50,50,50,50,50,50,50,50
1139,50,50,50,50,50,50,50,50,50,50
1140,50,50,50,50,50,50,50,50,50,50
1141,50,50,50,50,50,50,50,50,50,50
1142,50,50,50,50,50,50,50,50,50,50
1143,50,50,50,50,50,50,50,50,50,50
1144,50,50,50,50,50,50,50,50,50,50
1145,50,50,50,50,50,50,50,50,50,50
1146,50,50,50,50,50,50,50,50,50,50
1147,50,50,50,50,50,50,50,50,50,50
1148,50,50,50,50,50,50,50,50,50,50
1149,50,50,50,50,50,50,50,50,50,50
1150,50,50,50,50,50,50,50,50,50,50
1151,50,50,50,50,50,50,50,50,50,50
1152,50,50,50,50,50,50,50,50,50,50
1153,50,50,50,50,50,50,50,50,50,50
1154,50,50,50,50,50,50,50,50,50,50
1155,50,50,50,50,50,50,50,50,50,50
1156,50,50,50,50,50,50,50,50,50,50
1157,50,50,50,50,50,50,50,50,50,50
1158,50,50,50,50,50,50,50,50,50,50
1159,50,50,50,50,50,50,50,50,50,50
1160,50,50,50,50,50,50,50,50,50,50
1161,50,50,50,50,50,50,50,50,50,50
1162,50,50,50,50,50,50,50,50,50,50
1163,50,50,50,50,50,50,50,50,50,50
1164,50,50,50,50,50,50,50,50,50,50
1165,50,50,50,50,50,50,50,50,50,50
1166,50,50,50,50,50,50,50,50,50,50
1167,50,50,50,50,50,50,50,50,50,50
1168,50,50,50,50,50,50,50,50,50,50
1169,50,50,50,50,50,50,50,50,50,50
1170,50,50,50,50,50,50,50,50,50,50
1171,50,50,50,50,50,50,50,50,50,50
1172,50,50,50,50,50,50,50,50,50,50
1173,50,50,50,50,50,50,50,50,50,50
1174,50,50,50,50,50,50,50,50,50,50
1175,50,50,50,50,50,50,50,50,50,50
1176,50,50,50,50,50,50,50,50,50,50
1177,50,50,50,50,50,50,50,50,50,50
1178,50,50,50,50,50,50,50,50,50,50
1179,50,50,50,50,50,50,50,50,50,50
1180,50,50,50,50,50,50,50,50,50,50
1181,50,50,50,50,50,50,50,50,50,50
1182,50,50,50,50,50,50,50,50,50,50
1183,50,50,50,50,50,50,50,50,50,50
1184,50,50,50,50,50,50,50,50,50,50
1185,50,50,50,50,50,50,50,50,50,50
1186,50,50,50,50,50,50,50,50,50,50
1187,50,50,50,50,50,50,50,50,50,50
1188,50,50,50,50,50,50,50,50,50,50
1189,50,50,50,50,50,50,50,50,50,50
1190,50,50,50,50,50,50,50,50,50,50
1191,50,50,50,50,50,50,50,50,50,50
1192,50,50,50,50,50,50,50,50,50,50
1193,50,50,50,50,50,50,50,50,50,50
1194,50,50,50,50,50,50,50,50,50,50
1195,50,50,50,50,50,50,50,50,50,50
1196,50,50,50,50,50,50,50,50,50,50
1197,50,50,50,50,50,50,50,50,50,50
1198,50,50,50,50,50,50,50,50,50,50
1199,50,50,50,50,50,50,50,50,50,50
1200,50,50,50,50,50,50,50,50,50,50
1201,50,50,50,50,50,50,50,50,50,50
1202,50,50,50,50,50,50,50,50,50,50
1203,50,50,50,50,50,50,50,50,50,50
1204,50,50,50,50,50,50,50,50,50,50
1205,50,50,50,50,50,50,50,50,50,50
1206,50,50,50,50,50,50,50,50,50,50
1207,50,50,50,50,50,50,50,50,50,50
1208,50,50,50,50,50,50,50,50,50,50
1209,50,50,50,50,50,50,50,50,50,50
1210,50,50,50,50,50,50,50,50,50,50
1211,50,50,50,50,50,50,50,50,50,50
1212,50,50,50,50,50,50,50,50,50,50
1213,50,50,50,50,50,50,50,50,50,50
1214,50,50,50,50,50,50,50,50,50,50
1215,50,50,50,50,50,50,50,50,50,50
1216,50,50,50,50,50,50,50,50,50,50
1217,50,50,50,50,50,50,50,50,50,50
1218,50,50,50,50,50,50,50,50,50,50
1219,50,50,50,50,50,50,50,50,50,50
1220,50,50,50,50,50,50,50,50,50,50
1221,50,50,50,50,50,50,50,50,50,50
1222,50,50,50,50,50,50,50,50,50,50
1223,50,50,50,50,50,50,50,50,50,50
1224,50,50,50,50,50,50,50,50,50,50
1225,50,50,50,50,50,50,50,50,50,50
1226,50,50,50,50,50,50,50,50,50,50
1227,50,50,50,50,50,50,50,50,50,50
1228,50,50,50,50,50,50,50,50,50,50
1229,50,50,50,50,50,50,50,50,50,50
1230,50,50,50,50,50,50,50,50,50,50
1231,50,50,50,50,50,50,50,50,50,50
1232,50,50,50,50,50,50,50,50,50,50
1233,50,50,50,50,50,50,50,50,50,50
1234,50,50,50,50,50,50,50,50,50,50
1235,50,50,50,50,50,50,50,50,50,50
1236,50,50,50,50,50,50,50,50,50,50
1237,50,50,50,50,50,50,50,50,50,50
1238,50,50,50,50,50,50,50,50,50,50
1239,50,50,50,50,50,50,50,50,50,50
1240,50,50,50,50,50,50,50,50,50,50
1241,50,50,50,50,50,50,50,50,50,50
1242,50,50,50,50,50,50,50,50,50,50
1243,50,50,50,50,50,50,50,50,50,50
1244,50,50,50,50,50,50,50,50,50,50
1245,50,50,50,50,50,50,50,50,50,50
1246,50,50,50,50,50,50,50,50,50,50
1247,50,50,50,50,50,50,50,50,50,50
1248,50,50,50,50,50,50,50,50,50,50
1249,50,50,50,50,50,50,50,50,50,50
1250,50,50,50,50,50,50,50,50,50,50
1251,50,50,50,50,50,50,50,50,50,50
1252,50,50,50,50,50,50,50,50,50,50
1253,50,50,50,50,50,50,50,50,50,50
1254,50,50,50,50,50,50,50,50,50,50
1255,50,50,50,50,50,50,50,50,50,50
1256,50,50,50,50,50,50,50,50,50,50
1257,50,50,50,50,50,50,50,50,50,50
1258,50,50,50,50,50,50,50,50,50,50
1259,50,50,50,50,50,50,50,50,50,50
1260,50,50,50,50,50,50,50,50,50,50
1261,50,50,50,50,50,50,50,50,50,50
1262,50,50,50,50,50,50,50,50,50,50
1263,50,50,50,50,50,50,50,50,50,50
1264,50,50,50,50,50,50,50,50,50,50
1265,50,50,50,50,50,50,50,50,50,50
1266,50,50,50,50,50,50,50,50,50,50
1267,50,50,50,50,50,50,50,50,50,50
1268,50,50,50,50,50,50,50,50,50,50
1269,50,50,50,50,50,50,50,50,50,50
1270,50,50,50,50,50,50,50,50,50,50
1271,50,50,50,50,50,50,50,50,50,50
1272,50,50,50,50,50,50,50,50,50,50
1273,50,50,50,50,50,50,50,50,50,50
1274,50,50,50,50,50,50,50,50,50,50
1275,50,50,50,50,50,50,50,50,50,50
1276,50,50,50,50,50,50,50,50,50,50
1277,50,50,50,50,50,50,50,50,50,50
1278,50,50,50,50,50,50,50,50,50,50
1279,50,50,50,50,50,50,50,50,50,50
1280,50,50,50,50,50,50,50,50,50,50
1281,50,50,50,50,50,50,50,50,50,50
1282,50,50,50,50,50,50,50,50,50,50
1283,50,50,50,50,50,50,50,50,50,50
1284,50,50,50,50,50,50,50,50,50,50
1285,50,50,50,50,50,50,50,50,50,50
1286,50,50,50,50,50,50,50,50,50,50
1287,50,50,50,50,50,50,50,50,50,50
1288,50,50,50,50,50,50,50,50,50,50
1289,50,50,50,50,50,50,50,50,50,50
1290,50,50,50,50,50,50,50,50,50,50
1291,50,50,50,50,50,50,50,50,50,50
1292,50,50,50,50,50,50,50,50,50,50
1293,50,50,50,50,50,50,50,50,50,50
1294,50,50,50,50,50,50,50,50,50,50
1295,50,50,50,50,50,50,50,50,50,50
1296,50,50,50,50,50,50,50,50,50,50
1297,50,50,50,50,50,50,50,50,50,50
1298,50,50,50,50,50,50,50,50,50,50
1299,50,50,50,50,50,50,50,50,50,50
1300,50,50,50,50,50,50,50,50,50,50
1301,50,50,50,50,50,50,50,50,50,50
1302,50,50,50,50,50,50,50,50,50,50
1303,50,50,50,50,50,50,50,50,50,50
1304,50,50,50,50,50,50,50,50,50,50
1305,50,50,50,50,50,50,50,50,50,50
1306,50,50,50,50,50,50,50,50,50,50
1307,50,50,50,50,50,50,50,50,50,50
1308,50,50,50,50,50,50,50,50,50,50
1309,50,50,50,50,50,50,50,50,50,50
1310,50,50,50,50,50,50,50,50,50,50
1311,50,50,50,50,50,50,50,50,50,50
1312,50,50,50,50,50,50,50,50,50,50
1313,50,50,50,50,50,50,50,50,50,50
1314,50,50,50,50,50,50,50,50,50,50
1315,50,50,50,50,50,50,50,50,50,50
1316,50,50,50,50,50,50,50,50,50,50
1317,50,50,50,50,50,50,50,50,50,50
1318,50,50,50,50,50,50,50,50,50,50
1319,50,50,50,50,50,50,50,50,50,50
1320,50,50,50,50,50,50,50,50,50,50
1321,50,50,50,50,50,50,50,50,50,50
1322,50,50,50,50,50,50,50,50,50,50
1323,50,50,50,50,50,50,50,50,50,50
1324,50,50,50,50,50,50,50,50,50,50
1325,50,50,50,50,50,50,50,50,50,50
1326,50,50,50,50,50,50,50,50,50,50
1327,50,50,50,50,50,50,50,50,50,50
1328,50,50,50,50,50,50,50,50,50,50
1329,50,50,50,50,50,50,50,50,50,50
1330,50,50,50,50,50,50,50,50,50,50
1331,50,50,50,50,50,50,50,50,50,50
1332,50,50,50,50,50,50,50,50,50,50
1333,50,50,50,50,50,50,50,50,50,50
1334,50,50,50,50,50,50,50,50,50,50
1335,50,50,50,50,50,50,50,50,50,50
1336,50,50,50,50,50,50,50,50,50,50
1337,50,50,50,50,50,50,50,50,50,50
1338,50,50,50,50,50,50,50,50,50,50
1339,50,50,50,50,50,50,50,50,50,50
1340,50,50,50,50,50,50,50,50,50,50
1341,50,50,50,50,50,50,50,50,50,50
1342,50,50,50,50,50,50,50,50,50,50
1343,50,50,50,50,50,50,50,50,50,50
1344,50,50,50,50,50,50,50,50,50,50
1345,50,50,50,50,50,50,50,50,50,50
1346,50,50,50,50,50,50,50,50,50,50
1347,50,50,50,50,50,50,50,50,50,50
1348,50,50,50,50,50,50,50,50,50,50
1349,50,50,50,50,50,50,50,50,50,50
1350,50,50,50,50,50,50,50,50,50,50
1351,50,50,50,50,50,50,50,50,50,50
1352,50,50,50,50,50,50,50,50,50,50
1353,50,50,50,50,50,50,50,50,50,50
1354,50,50,50,50,50,50,50,50,50,50
1355,50,50,50,50,50,50,50,50,50,50
1356,50,50,50,50,50,50,50,50,50,50
1357,50,50,50,50,50,50,50,50,50,50
1358,50,50,50,50,50,50,50,50,50,50
1359,50,50,50,50,50,50,50,50,50,50
1360,50,50,50,50,50,50,50,50,50,50
1361,50,50,50,50,50,50,50,50,50,50
1362,50,50,50,50,50,50,50,50,50,50
1363,50,50,50,50,50,50,50,50,50,50
1364,50,50,50,50,50,50,50,50,50,50
1365,50,50,50,50,50,50,50,50,50,50
1366,50,50,50,50,50,50,50,50,50,50
1367,50,50,50,50,50,50,50,50,50,50
1368,50,50,50,50,50,50,50,50,50,50
1369,50,50,50,50,50,50,50,50,50,50
1370,50,50,50,50,50,50,50,50,50,50
1371,50,50,50,50,50,50,50,50,50,50
1372,50,50,50,50,50,50,50,50,50,50
1373,50,50,50,50,50,50,50,50,50,50
1374,50,50,50,50,50,50,50,50,50,50
1375,50,50,50,50,50,50,50,50,50,50
1376,50,50,50,50,50,50,50,50,50,50
1377,50,50,50,50,50,50,50,50,50,50
1378,50,50,50,50,50,50,50,50,50,50
1379,50,50,50,50,50,50,50,50,50,50
1380,50,50,50,50,50,50,50,50,50,50
1381,50,50,50,50,50,50,50,50,50,50
1382,50,50,50,50,50,50,50,50,50,50
1383,50,50,50,50,50,50,50,50,50,50
1384,50,50,50,50,50,50,50,50,50,50
1385,50,50,50,50,50,50,50,50,50,50
1386,50,50,50,50,50,50,50,50,50,50
1387,50,50,50,50,50,50,50,50,50,50
1388,50,50,50,50,50,50,50,50,50,50
1389,50,50,50,50,50,50,50,50,50,50
1390,50,50,50,50,50,50,50,50,50,50
1391,50,50,50,50,50,50,50,50,50,50
1392,50,50,50,50,50,50,50,50,50,50
1393,50,50,50,50,50,50,50,50,50,50
1394,50,50,50,50,50,50,50,50,50,50
1395,50,50,50,50,50,50,50,50,50,50
1396,50,50,50,50,50,50,50,50,50,50
1397,50,50,50,50,50,50,50,50,50,50
1398,50,50,50,50,50,50,50,50,50,50
1399,50,50,50,50,50,50,50,50,50,50
1400,50,50,50,50,50,50,50,50,50,50
1401,50,50,50,50,50,50,50,50,50,50
1402,50,50,50,50,50,50,50,50,50,50
1403,50,50,50,50,50,50,50,50,50,50
1404,50,50,50,50,50,50,50,50,50,50
1405,50,50,50,50,50,50,50,50,50,50
1406,50,50,50,50,50,50,50,50,50,50
1407,50,50,50,50,50,50,50,50,50,50
1408,50,50,50,50,50,50,50,50,50,50
1409,50,50,50,50,50,50,50,50,50,50
1410,50,50,50,50,50,50,50,50,50,50
1411,50,50,50,50,50,50,50,50,50,50
1412,50,50,50,50,50,50,50,50,50,50
1413,50,50,50,50,50,50,50,50,50,50
1414,50,50,50,50,50,50,50,50,50,50
1415,50,50,50,50,50,50,50,50,50,50
1416,50,50,50,50,50,50,50,50,50,50
1417,50,50,50,50,50,50,50,50,50,50
1418,50,50,50,50,50,50,50,50,50,50
1419,50,50,50,50,50,50,50,50,50,50
1420,50,50,50,50,50,50,50,50,50,50
1421,50,50,50,50,50,50,50,50,50,50
1422,50,50,50,50,50,50,50,50,50,50
1423,50,50,50,50,50,50,50,50,50,50
1424,50,50,50,50,50,50,50,50,50,50
1425,50,50,50,50,50,50,50,50,50,50
1426,50,50,50,50,50,50,50,50,50,50
1427,50,50,50,50,50,50,50,50,50,50
1428,50,50,50,50,50,50,50,50,50,50
1429,50,50,50,50,50,50,50,50,50,50
1430,50,50,50,50,50,50,50,50,50,50
1431,50,50,50,50,50,50,50,50,50,50
1432,50,50,50,50,50,50,50,50,50,50
1433,50,50,50,50,50,50,50,50,50,50
1434,50,50,50,50,50,50,50,50,50,50
1435,50,50,50,50,50,50,50,50,50,50
1436,50,50,50,50,50,50,50,50,50,50
1437,50,50,50,50,50,50,50,50,50,50
1438,50,50,50,50,50,50,50,50,50,50
1439,50,50,50,50,50,50,50,50,50,50
1440,50,50,50,50,50,50,50,50,50,50
1441,50,50,50,50,50,50,50,50,50,50
1442,50,50,50,50,50,50,50,50,50,50
1443,50,50,50,50,50,50,50,50,50,50
1444,50,50,50,50,50,50,50,50,50,50
1445,50,50,50,50,50,50,50,50,50,50
1446,50,50,50,50,50,50,50,50,50,50
1447,50,50,50,50,50,50,50,50,50,50
1448,50,50,50,50,50,50,50,50,50,50
1449,50,50,50,50,50,50,50,50,50,50
1450,50,50,50,50,50,50,50,50,50,50
1451,50,50,50,50,50,50,50,50,50,50
1452,50,50,50,50,50,50,50,50,50,50
1453,50,50,50,50,50,50,50,50,50,50
1454,50,50,50,50,50,50,50,50,50,50
1455,50,50,50,50,50,50,50,50,50,50
1456,50,50,50,50,50,50,50,50,50,50
1457,50,50,50,50,50,50,50,50,50,50
1458,50,50,50,50,50,50,50,50,50,50
1459,50,50,50,50,50,50,50,50,50,50
1460,50,50,50,50,50,50,50,50,50,50
1461,50,50,50,50,50,50,50,50,50,50
1462,50,50,50,50,50,50,50,50,50,50
1463,50,50,50,50,50,50,50,50,50,50
1464,50,50,50,50,50,50,50,50,50,50
1465,50,50,50,50,50,50,50,50,50,50
1466,50,50,50,50,50,50,50,50,50,50
1467,50,50,50,50,50,50,50,50,50,50
1468,50,50,50,50,50,50,50,50,50,50
1469,50,50,50,50,50,50,50,50,50,50
1470,50,50,50,50,50,50,50,50,50,50
1471,50,50,50,50,50,50,50,50,50,50
1472,50,50,50,50,50,50,50,50,50,50
1473,50,50,50,50,50,50,50,50,50,50
1474,50,50,50,50,50,50,50,50,50,50
1475,50,50,50,50,50,50,50,50,50,50
1476,50,50,50,50,50,50,50,50,50,50
1477,50,50,50,50,50,50,50,50,50,50
1478,50,50,50,50,50,50,50,50,50,50
1479,50,50,50,50,50,50,50,50,50,50
1480,50,50,50,50,50,50,50,50,50,50
1481,50,50,50,50,50,50,50,50,50,50
1482,50,50,50,50,50,50,50,50,50,50
1483,50,50,50,50,50,50,50,50,50,50
1484,50,50,50,50,50,50,50,50,50,50
1485,50,50,50,50,50,50,50,50,50,50
1486,50,50,50,50,50,50,50,50,50,50
1487,50,50,50,50,50,50,50,50,50,50
1488,50,50,50,50,50,50,50,50,50,50
1489,50,50,50,50,50,50,50,50,50,50
1490,50,50,50,50,50,50,50,50,50,50
1491,50,50,50,50,50,50,50,50,50,50
1492,50,50,50,50,50,50,50,50,50,50
1493,50,50,50,50,50,50,50,50,50,50
1494,50,50,50,50,50,50,50,50,50,50
1495,50,50,50,50,50,50,50,50,50,50
1496,50,50,50,50,50,50,50,50,50,50
1497,50,50,50,50,50,50,50,50,50,50
1498,50,50,50,50,50,50,50,50,50,50
1499,50,50,50,50,50,50,50,50,50,50
