FRAMES,1,2,3,4,5,6,7,8,9,10
0,7,10,10,5,12,16,6,17,19,11
1,8,7,12,5,10,19,12,12,18,13
2,2,6,12,4,11,14,10,15,19,14
3,7,6,15,3,11,16,8,12,21,14
4,5,10,13,7,11,16,6,18,20,16
5,7,9,15,3,9,18,7,16,20,14
6,8,5,17,6,12,16,11,14,21,12
7,8,8,17,6,8,20,5,16,22,12
8,9,10,13,3,7,21,8,12,20,11
9,5,6,17,6,6,17,12,15,19,13
10,10,3,14,4,10,21,10,20,17,14
11,5,10,14,4,8,24,8,20,26,11
12,6,8,12,3,11,19,8,16,23,19
13,3,7,15,3,11,19,9,17,22,16
14,6,8,14,3,12,18,5,16,20,11
15,8,8,13,5,12,20,8,19,20,17
16,6,7,16,5,12,24,9,15,17,17
17,7,8,16,6,15,19,10,16,24,18
18,6,8,15,4,10,24,12,14,14,17
19,11,10,14,5,10,17,12,21,23,12
20,7,10,11,7,12,18,10,17,16,15
21,9,5,16,7,10,24,11,20,23,15
22,8,9,17,5,9,19,10,13,15,17
23,12,9,16,3,6,21,11,19,20,17
24,11,8,18,5,12,14,12,17,17,12
25,7,8,20,3,6,20,9,17,12,15
26,8,8,20,5,11,22,9,22,16,15
27,12,6,17,6,14,18,12,16,12,16
28,9,11,20,6,11,25,11,16,16,16
29,10,10,17,4,11,21,11,20,12,17
30,13,8,19,4,12,22,12,17,17,12
31,11,7,23,6,12,25,10,18,20,12
32,13,10,17,5,11,23,12,15,17,15
33,10,11,16,9,10,22,10,18,16,14
34,9,12,13,7,12,23,12,20,17,15
35,10,10,16,5,9,19,10,13,11,16
36,5,11,20,5,11,25,14,17,23,17
37,8,11,13,9,15,20,13,18,21,15
38,13,6,20,4,11,25,10,17,14,19
39,11,13,19,5,15,26,11,19,16,18
40,9,12,17,5,9,25,11,16,14,14
41,12,15,17,8,10,25,12,15,21,17
42,11,13,17,4,9,20,11,17,19,10
43,9,12,18,7,7,24,10,20,20,13
44,10,15,21,6,7,25,11,12,22,14
45,10,16,15,7,8,22,13,14,17,14
46,11,13,16,4,8,23,13,17,16,16
47,12,10,16,9,5,24,9,14,20,15
48,9,13,18,7,12,22,16,10,18,15
49,12,12,12,6,8,26,13,20,14,13
50,12,14,17,7,9,22,8,18,19,20
51,13,12,16,6,10,22,11,18,12,15
52,13,14,12,7,8,21,10,17,20,13
53,6,16,17,6,14,19,10,18,20,13
54,11,13,17,5,10,28,12,17,17,15
55,7,8,19,4,7,28,10,17,25,17
56,11,17,16,2,9,25,14,20,17,21
57,12,12,18,6,7,19,10,18,21,14
58,11,17,16,6,10,23,6,19,15,17
59,11,14,18,7,9,20,10,17,17,15
60,11,18,16,3,11,20,9,12,24,14
61,10,14,16,4,12,22,8,19,17,15
62,8,14,17,4,8,24,14,12,23,17
63,9,11,20,6,10,21,11,18,16,19
64,8,14,19,3,8,25,11,17,17,13
65,9,13,18,4,12,19,11,16,20,19
66,11,11,22,5,6,19,8,18,21,12
67,10,12,15,5,10,14,12,16,21,15
68,12,13,19,8,7,28,9,17,21,16
69,13,16,17,5,10,23,13,22,22,15
70,8,12,16,4,12,17,12,10,17,13
71,8,13,16,2,12,31,9,16,18,15
72,10,15,19,2,12,24,10,16,20,12
73,10,15,15,6,10,26,10,21,17,16
74,10,11,15,6,11,17,8,18,18,16
75,13,10,15,5,11,27,12,18,23,16
76,11,15,20,5,14,21,10,18,16,13
77,12,13,19,5,9,18,14,14,19,19
78,11,14,17,5,8,22,12,20,21,10
79,11,14,18,3,9,21,12,18,28,16
80,8,15,15,3,9,24,12,17,19,20
81,7,12,14,6,11,25,14,17,27,15
82,9,12,16,4,6,20,13,19,21,17
83,12,11,15,7,11,25,11,16,20,17
84,7,16,17,6,10,20,12,22,18,16
85,8,11,19,2,11,20,12,17,23,17
86,7,14,17,5,10,27,10,17,26,16
87,9,11,16,3,9,22,11,18,18,20
88,6,15,15,3,11,18,10,19,29,17
89,10,11,11,5,8,19,12,17,21,18
90,10,12,17,4,7,19,14,18,22,13
91,8,15,21,4,9,23,8,18,24,17
92,11,15,16,7,11,26,8,16,23,18
93,9,13,18,5,9,19,12,20,16,15
94,12,14,15,5,9,19,10,19,24,15
95,6,11,20,6,9,22,12,11,18,13
96,11,16,13,5,9,19,6,20,26,12
97,11,11,20,6,11,26,14,16,18,17
98,8,13,18,4,11,23,11,19,19,9
99,9,15,17,2,11,24,6,16,23,13
100,12,14,22,5,7,22,10,20,25,12
101,9,13,16,4,10,20,9,17,20,12
102,12,12,16,5,10,21,8,20,20,21
103,9,10,21,5,8,19,14,21,23,12
104,12,13,15,4,5,23,12,14,25,16
105,8,15,14,8,10,19,12,20,24,14
106,8,12,16,5,7,23,11,19,18,18
107,9,12,15,5,13,25,8,22,19,20
108,9,10,16,3,11,25,11,23,23,17
109,10,13,13,8,11,25,16,19,17,15
110,10,12,12,4,9,27,11,18,18,16
111,9,13,15,6,10,24,11,19,20,13
112,14,15,15,4,13,23,11,18,17,16
113,9,15,19,6,9,26,11,23,16,17
114,8,15,17,5,6,22,10,18,28,13
115,9,12,15,4,10,24,11,22,20,16
116,8,13,14,4,12,25,15,19,15,16
117,11,15,19,4,9,19,11,21,22,13
118,10,9,18,4,9,19,15,22,22,14
119,11,15,17,5,11,19,11,16,19,16
120,11,12,14,6,10,20,11,19,21,16
121,13,14,16,4,14,23,11,23,18,16
122,10,13,20,6,13,22,11,16,17,15
123,10,15,15,5,10,26,15,16,20,15
124,8,14,14,3,8,22,14,18,23,11
125,9,11,16,4,13,21,9,15,24,13
126,11,18,13,6,10,23,11,18,17,17
127,6,10,16,4,13,25,12,18,26,16
128,9,14,17,5,13,17,10,17,19,14
129,11,10,15,5,8,21,7,16,29,14
130,12,14,19,4,13,21,14,17,23,16
131,11,15,18,6,10,22,11,18,19,15
132,7,11,19,4,10,22,14,20,21,13
133,10,13,18,6,9,25,8,19,21,19
134,8,13,15,6,10,21,11,17,26,16
135,10,13,20,9,9,16,13,17,21,19
136,8,13,15,7,14,18,9,19,26,16
137,11,14,20,6,8,21,10,18,20,14
138,6,15,12,5,11,21,6,19,16,16
139,9,10,15,3,11,20,11,18,20,18
140,10,10,17,5,10,24,12,15,18,11
141,9,11,21,5,9,19,10,24,22,17
142,8,10,21,4,7,24,12,13,24,15
143,9,11,18,8,8,22,12,21,23,16
144,12,14,19,5,8,24,8,17,24,14
145,12,12,20,7,12,22,14,18,17,15
146,9,11,17,5,12,26,11,22,18,17
147,11,11,14,10,10,18,12,14,23,13
148,10,10,23,6,11,19,11,18,23,16
149,11,8,20,6,10,19,12,18,19,16
150,7,9,15,6,14,19,11,20,20,18
151,11,15,15,9,11,23,13,16,21,12
152,8,10,15,7,14,25,14,18,23,20
153,10,13,15,6,10,23,8,19,21,16
154,8,13,17,8,11,22,16,24,19,17
155,11,10,23,9,11,23,9,18,20,17
156,9,11,19,6,14,25,13,15,24,14
157,10,16,18,5,11,24,10,19,19,18
158,7,15,18,6,11,21,13,23,26,15
159,12,14,16,7,8,22,14,20,19,14
160,11,12,14,9,14,19,11,26,23,18
161,11,11,18,8,13,23,7,19,27,16
162,10,14,24,6,12,21,13,19,17,17
163,14,13,15,6,9,26,8,18,20,15
164,10,13,15,8,9,21,9,20,23,16
165,9,11,17,5,8,24,13,17,19,19
166,11,14,20,7,11,17,13,21,20,15
167,10,13,14,8,12,25,10,18,21,13
168,10,10,20,7,7,26,12,20,18,15
169,14,13,17,7,11,23,9,19,26,16
170,14,10,20,8,12,20,15,15,20,19
171,12,11,13,8,10,20,8,22,16,14
172,13,11,16,7,10,19,12,21,20,20
173,11,12,14,6,15,16,11,16,14,14
174,8,11,12,7,13,22,12,17,24,17
175,6,9,16,4,16,19,9,16,19,14
176,12,12,15,10,8,23,12,15,21,17
177,9,9,16,9,11,20,14,19,23,18
178,10,9,19,9,10,27,9,17,23,9
179,10,7,19,8,8,26,7,14,14,17
180,11,12,17,11,11,23,10,17,21,12
181,14,14,17,3,11,20,11,17,17,18
182,10,14,19,6,11,24,10,16,21,17
183,12,11,14,8,11,22,10,18,17,16
184,8,13,17,9,12,23,11,21,19,15
185,11,11,18,6,8,20,10,20,25,16
186,8,11,18,6,12,20,11,19,21,15
187,10,15,19,5,8,25,12,16,28,18
188,13,18,18,8,9,18,11,19,21,15
189,11,12,20,7,13,20,11,15,28,14
190,11,8,16,6,6,20,13,17,26,16
191,10,9,19,6,9,28,10,18,19,15
192,9,12,19,7,14,19,12,18,26,18
193,13,12,17,6,13,24,9,16,21,11
194,11,13,14,6,14,19,9,18,21,19
195,10,13,20,6,12,27,12,17,22,13
196,16,12,17,2,7,18,12,15,23,15
197,8,11,15,4,11,22,12,19,21,16
198,5,14,13,9,9,26,8,15,21,16
199,12,13,15,7,11,21,9,19,20,15
200,14,11,18,9,10,20,8,15,19,19
201,13,9,18,5,8,19,11,20,21,14
202,9,13,20,5,10,17,7,20,24,15
203,10,11,18,3,12,20,10,19,23,15
204,11,12,21,6,11,20,8,18,27,18
205,11,11,21,4,6,25,13,20,22,17
206,11,9,20,4,10,23,10,16,22,19
207,11,15,22,6,11,19,11,17,17,15
208,12,17,17,6,12,25,10,19,14,13
209,10,15,17,5,10,24,15,20,18,14
210,6,12,21,8,12,20,15,22,17,18
211,8,12,19,5,8,23,14,21,18,14
212,11,13,17,5,9,20,8,23,21,17
213,10,12,16,4,10,21,11,17,19,14
214,14,15,20,6,8,23,9,17,17,15
215,9,14,16,5,10,23,5,19,17,18
216,13,14,21,8,9,23,11,18,22,16
217,10,17,21,6,11,25,10,21,21,19
218,10,12,15,7,7,22,9,24,25,17
219,12,14,16,6,11,23,13,18,17,20
220,11,16,23,4,8,26,9,19,19,14
221,8,11,20,11,8,16,9,14,23,14
222,10,16,19,6,9,17,11,16,21,17
223,10,12,18,4,13,16,10,19,22,17
224,12,10,19,9,11,16,10,15,24,14
225,9,12,18,8,9,18,11,21,17,15
226,9,12,20,5,11,24,12,16,21,11
227,13,11,20,7,7,25,12,20,21,19
228,6,16,21,5,12,19,11,20,24,19
229,12,15,19,5,9,23,9,19,22,16
230,13,15,20,6,11,20,11,16,18,10
231,12,14,17,6,11,21,8,20,24,15
232,15,10,18,3,12,22,11,17,24,15
233,9,8,18,5,9,22,7,23,31,12
234,12,14,16,5,12,17,14,19,21,14
235,12,13,20,6,9,22,10,20,22,17
236,9,12,15,6,10,22,15,17,23,12
237,10,13,18,6,8,28,10,20,21,15
238,15,14,15,5,10,26,11,18,24,13
239,12,9,18,5,11,25,9,21,22,14
240,13,6,16,6,7,23,10,21,23,15
241,11,11,20,3,14,23,10,14,21,18
242,13,9,22,3,16,23,10,13,24,15
243,12,9,19,6,6,21,9,21,25,14
244,11,14,22,5,11,20,10,16,20,18
245,12,13,20,6,10,21,10,15,22,17
246,13,15,21,7,12,23,11,19,18,15
247,11,11,21,9,11,21,11,18,24,14
248,9,10,16,4,14,28,12,18,21,16
249,15,14,18,3,13,22,13,16,15,11
250,11,15,19,4,9,26,11,15,19,18
251,10,12,21,6,11,19,8,13,19,16
252,13,12,16,6,14,24,10,18,22,19
253,10,11,17,8,9,23,9,18,19,15
254,6,10,17,4,11,20,13,21,19,16
255,13,11,19,9,9,20,14,15,16,19
256,12,13,20,4,7,20,12,19,21,13
257,13,15,15,3,9,25,9,15,17,12
258,11,11,19,6,7,26,11,18,19,19
259,12,7,20,7,14,21,11,15,22,19
260,12,13,17,6,11,20,10,18,21,16
261,16,12,19,7,8,22,12,20,17,20
262,14,13,17,4,6,22,9,21,16,18
263,8,11,16,6,11,18,10,15,18,18
264,15,12,20,7,10,26,14,19,21,17
265,11,14,19,6,9,26,11,17,8,14
266,8,10,20,9,10,25,12,17,20,16
267,13,10,17,8,10,21,9,19,16,18
268,14,8,19,11,13,20,11,21,26,14
269,13,10,18,10,12,24,12,24,20,14
270,10,9,19,6,12,19,11,15,19,19
271,13,13,17,7,17,21,12,22,14,11
272,14,13,16,4,12,18,9,15,21,18
273,16,9,19,5,12,17,8,19,21,19
274,11,11,15,8,14,17,12,17,22,18
275,15,8,16,4,13,31,8,20,19,15
276,12,7,18,6,16,22,11,28,20,20
277,11,8,17,5,12,20,13,17,21,20
278,14,10,18,6,8,17,13,16,25,16
279,14,10,20,8,11,22,9,21,17,14
280,12,13,16,8,12,22,12,15,24,16
281,12,12,16,8,10,23,12,18,22,20
282,14,12,18,7,10,29,11,13,20,19
283,15,10,20,5,12,27,11,20,26,18
284,10,10,19,6,11,28,8,19,20,13
285,8,12,16,9,10,26,8,20,25,11
286,8,12,20,4,11,23,10,16,21,15
287,15,12,18,3,9,24,10,18,20,15
288,11,11,17,4,12,20,11,16,26,12
289,8,15,19,7,11,22,8,15,12,21
290,10,11,16,7,12,26,9,16,15,18
291,7,11,21,2,12,16,9,14,20,17
292,7,11,20,8,11,18,11,24,19,15
293,11,9,21,8,11,22,11,16,25,17
294,7,9,18,5,8,19,13,17,24,21
295,12,11,16,5,12,25,9,18,18,13
296,11,12,18,7,11,23,13,13,17,16
297,8,8,18,7,13,22,12,12,17,14
298,9,10,17,5,10,27,12,18,20,17
299,10,10,21,6,12,27,11,18,17,19
300,13,10,15,6,12,20,14,19,18,17
301,9,11,17,5,9,28,8,19,23,20
302,10,10,16,7,10,21,11,21,15,17
303,11,11,20,5,11,28,11,21,25,14
304,11,11,23,5,11,18,10,17,24,17
305,11,8,23,4,12,19,9,22,20,18
306,10,13,18,5,10,22,11,19,24,17
307,12,11,19,7,12,22,11,20,13,15
308,11,14,18,10,10,18,10,18,21,10
309,12,10,21,8,8,24,10,20,30,16
310,9,11,18,5,11,22,7,18,27,14
311,11,12,21,4,12,18,13,19,18,10
312,11,13,17,4,10,24,12,19,22,18
313,9,13,15,5,9,27,12,17,23,19
314,11,10,23,7,10,25,10,18,27,17
315,9,15,19,5,9,21,11,19,22,15
316,10,14,17,10,10,25,10,20,29,15
317,7,10,13,6,12,22,14,20,21,12
318,11,15,21,3,8,25,10,18,15,17
319,8,10,20,6,10,21,12,18,25,17
320,11,15,18,7,12,21,11,23,23,11
321,8,14,20,5,9,29,13,20,20,11
322,11,10,16,5,9,22,12,24,20,17
323,12,14,22,6,12,23,10,16,25,12
324,13,14,20,11,11,24,10,15,19,12
325,10,10,17,8,9,23,10,23,22,19
326,8,10,19,8,11,21,13,16,22,16
327,11,7,21,7,9,25,15,17,20,18
328,10,8,15,5,15,25,8,20,21,14
329,10,7,17,8,11,25,10,18,17,18
330,12,15,20,9,7,22,7,22,18,15
331,8,10,16,8,11,24,13,19,20,13
332,10,10,22,14,10,23,9,15,18,17
333,10,11,19,11,8,25,12,13,13,17
334,10,14,18,4,10,24,12,20,17,12
335,9,14,20,11,7,12,12,16,22,16
336,13,11,22,10,11,23,9,19,22,14
337,11,8,16,12,11,22,13,17,16,13
338,13,11,20,9,11,23,10,20,20,16
339,12,13,14,9,12,22,13,19,22,12
340,11,12,21,7,11,27,6,20,23,13
341,7,12,18,10,10,25,10,17,22,14
342,13,10,17,9,10,17,9,19,15,17
343,10,11,18,12,11,20,7,17,20,17
344,11,14,22,11,11,25,11,18,20,15
345,10,7,20,7,8,22,11,18,20,19
346,9,12,19,11,10,16,13,18,25,17
347,7,11,18,8,12,20,11,19,27,9
348,13,8,23,8,13,24,12,18,19,13
349,11,12,14,10,9,24,13,19,22,13
350,11,12,17,10,9,23,13,20,22,12
351,12,10,22,6,12,23,13,19,17,10
352,9,8,20,9,13,23,7,18,15,19
353,12,10,20,9,15,26,8,20,20,18
354,10,11,20,8,13,27,5,21,16,18
355,13,10,16,8,7,19,11,19,17,14
356,14,11,22,8,16,22,14,18,21,19
357,10,9,15,3,11,22,7,17,19,13
358,12,10,21,9,9,24,10,18,13,15
359,15,13,15,8,10,24,11,21,13,14
360,15,12,22,8,10,25,11,15,22,15
361,8,9,16,7,10,28,9,16,15,19
362,11,11,15,5,9,18,11,21,19,16
363,11,11,19,5,12,24,8,21,20,14
364,11,11,21,11,10,19,12,18,25,18
365,11,12,14,9,11,19,11,12,18,18
366,12,11,17,4,11,23,14,16,17,19
367,9,9,20,7,12,24,14,20,16,20
368,13,10,18,10,9,20,13,17,19,19
369,10,13,16,4,9,22,11,13,17,18
370,11,11,17,8,14,26,8,19,18,19
371,11,12,17,8,10,20,12,20,19,18
372,10,9,16,5,8,30,10,24,17,17
373,8,14,20,9,10,26,11,16,20,17
374,9,13,18,7,12,22,10,17,19,13
375,10,15,21,6,11,22,13,16,17,17
376,8,10,20,9,11,24,10,17,18,11
377,11,9,23,3,9,20,9,19,19,12
378,6,11,19,7,10,23,7,19,16,11
379,13,8,17,5,12,25,9,18,19,15
380,11,16,19,7,8,20,11,18,22,19
381,10,16,22,8,11,23,5,19,16,13
382,13,12,18,6,10,23,6,15,18,14
383,9,13,18,4,9,26,12,22,16,16
384,9,16,18,8,5,24,5,18,18,15
385,11,13,23,4,9,24,8,19,24,14
386,9,12,18,3,6,21,8,17,19,13
387,9,10,18,3,14,17,11,18,21,12
388,8,13,22,5,11,23,8,16,27,16
389,8,13,20,5,10,24,10,19,21,14
390,10,12,17,6,10,21,9,19,25,14
391,11,12,19,5,9,24,8,16,15,19
392,10,10,17,6,10,25,9,25,17,19
393,10,9,16,4,8,29,12,17,18,14
394,8,12,13,5,11,23,13,20,24,17
395,10,8,18,7,12,23,3,16,20,15
396,8,10,21,7,10,19,12,13,18,16
397,10,13,17,9,10,23,13,17,16,17
398,11,12,17,7,11,29,10,18,22,14
399,7,14,19,8,12,27,7,17,22,14
400,8,14,18,6,9,25,11,15,18,14
401,10,12,15,8,8,22,12,14,24,16
402,11,10,16,10,10,26,7,21,26,16
403,8,8,17,6,9,20,12,16,17,14
404,10,10,19,7,6,23,13,19,19,19
405,9,11,19,7,10,21,10,17,19,13
406,11,12,18,7,12,22,8,18,15,18
407,8,7,21,7,12,24,12,17,24,20
408,10,9,15,5,6,26,16,20,19,21
409,11,8,17,9,10,19,11,21,24,12
410,9,16,15,11,7,24,9,13,16,17
411,12,9,21,6,10,23,9,18,21,18
412,13,12,22,7,10,29,12,19,21,13
413,10,16,20,7,10,22,10,15,24,18
414,11,15,15,5,10,19,11,20,22,19
415,11,9,24,8,12,27,10,17,23,15
416,10,14,17,9,9,25,14,23,22,16
417,7,12,13,7,8,15,14,16,18,17
418,9,12,20,7,10,19,13,19,23,13
419,11,11,18,8,6,22,7,20,13,18
420,12,10,15,6,7,15,12,19,23,15
421,12,14,18,2,11,23,10,15,18,18
422,11,11,15,7,12,20,14,18,22,19
423,7,9,21,5,10,20,9,19,21,20
424,8,14,19,5,11,19,11,20,18,24
425,13,14,13,5,13,19,8,20,19,16
426,9,14,16,9,15,25,10,12,19,16
427,9,11,15,8,10,22,10,17,13,23
428,7,11,17,8,13,24,11,19,20,13
429,11,13,14,9,8,17,11,15,18,12
430,15,13,22,7,7,22,11,19,20,18
431,10,14,16,5,9,23,10,20,20,15
432,10,10,21,6,10,15,11,18,15,19
433,13,11,19,7,13,24,8,19,19,13
434,12,8,20,6,8,21,9,17,15,19
435,6,15,18,4,10,19,9,16,19,18
436,12,8,13,6,7,21,10,21,17,17
437,10,11,22,9,11,27,10,14,21,15
438,11,12,17,9,11,18,9,21,18,16
439,14,12,15,5,12,24,10,23,16,17
440,11,12,21,4,11,23,10,15,12,13
441,13,11,17,5,10,18,9,16,20,17
442,11,12,18,6,10,25,10,22,22,15
443,14,12,19,6,12,21,12,15,13,18
444,11,11,13,7,9,21,8,13,17,15
445,9,13,14,7,9,19,10,17,13,15
446,7,10,14,5,10,21,9,18,20,15
447,10,11,20,3,10,24,11,17,17,21
448,10,15,19,3,9,24,12,19,16,15
449,12,14,23,4,7,19,11,12,23,11
450,7,13,18,5,10,21,9,18,18,14
451,9,9,18,6,9,18,9,16,18,11
452,8,10,18,4,6,23,8,13,18,12
453,8,12,16,5,12,25,7,14,17,12
454,12,13,17,10,10,14,9,14,19,12
455,8,11,22,5,7,25,8,14,16,13
456,10,13,20,4,8,21,11,15,17,17
457,7,8,22,5,11,21,9,14,20,12
458,9,9,22,6,7,24,7,20,22,13
459,11,9,17,6,11,21,8,15,17,16
460,9,10,23,4,10,22,9,19,22,20
461,10,11,16,3,12,24,8,19,21,14
462,8,11,22,7,7,21,11,18,22,17
463,10,9,17,5,13,23,13,18,22,16
464,7,12,21,5,9,23,9,15,16,12
465,10,11,22,6,7,23,11,15,13,14
466,9,13,18,3,6,25,11,20,20,14
467,10,13,18,7,9,13,11,23,18,15
468,12,10,17,7,8,29,12,13,16,17
469,6,12,19,7,11,27,7,21,22,13
470,9,12,20,3,8,22,11,25,20,16
471,11,12,17,2,12,17,8,18,23,13
472,10,11,16,6,7,26,13,20,19,13
473,12,13,16,5,11,21,7,15,17,9
474,10,11,15,7,8,23,11,17,20,14
475,11,14,14,7,11,20,14,18,20,17
476,9,10,18,5,7,23,14,16,28,14
477,9,11,16,3,10,21,12,18,10,12
478,8,13,19,5,11,26,10,18,22,15
479,7,13,23,5,10,22,15,14,18,17
480,11,12,13,5,6,21,14,18,22,14
481,9,16,24,9,9,20,15,14,20,20
482,11,9,21,5,12,22,10,12,26,14
483,9,11,15,3,14,22,16,16,18,13
484,12,11,13,4,10,22,10,19,19,13
485,11,13,17,5,8,19,10,21,22,12
486,10,14,18,5,9,22,6,18,17,12
487,10,10,15,7,11,20,12,14,17,14
488,13,13,19,7,9,26,11,16,17,17
489,14,9,20,5,9,21,7,15,17,15
490,10,10,13,7,10,20,10,15,21,14
491,11,11,14,6,10,15,11,18,20,12
492,13,13,24,7,4,18,5,18,18,10
493,11,13,11,7,7,21,13,17,18,15
494,12,9,13,5,6,24,10,17,19,16
495,10,13,22,7,8,22,12,23,19,20
496,10,11,16,9,14,20,10,16,22,16
497,11,11,20,8,7,26,9,20,18,12
498,10,8,20,9,9,25,12,19,26,14
499,11,13,19,10,12,20,9,15,17,15
500,11,13,13,10,8,21,15,12,19,14
501,10,11,16,8,9,15,10,17,17,16
502,11,7,20,5,12,22,10,18,22,12
503,13,14,14,6,11,23,8,20,19,16
504,13,11,18,9,7,18,11,20,17,14
505,12,14,17,6,11,26,10,16,17,10
506,9,13,20,5,10,24,10,23,23,18
507,7,12,23,7,12,25,7,17,18,16
508,14,12,19,4,12,22,4,16,24,8
509,10,13,20,8,8,21,6,18,25,16
510,12,9,17,7,8,27,10,22,17,13
511,14,13,19,10,7,23,14,18,23,13
512,9,12,22,7,12,18,13,16,14,21
513,10,9,20,9,11,22,8,18,24,13
514,14,11,19,7,10,23,11,17,21,12
515,11,11,19,11,9,23,11,15,20,13
516,12,8,22,5,7,23,11,18,24,15
517,10,9,18,5,6,27,12,21,18,13
518,9,11,15,4,12,21,6,18,19,19
519,12,12,19,9,10,24,8,19,22,18
520,11,10,16,6,13,25,11,15,25,19
521,9,12,12,7,8,29,11,20,24,8
522,7,11,17,5,9,26,13,12,17,15
523,11,10,20,5,11,21,11,15,22,17
524,12,12,16,5,10,23,10,21,26,13
525,9,12,16,6,7,26,12,17,21,12
526,9,12,16,6,3,18,10,19,18,8
527,12,10,19,5,9,24,10,19,17,15
528,11,13,16,9,6,20,10,19,14,10
529,7,9,17,5,10,21,11,18,20,12
530,9,11,23,4,8,24,16,17,19,11
531,8,11,21,5,6,22,13,23,22,13
532,5,12,24,7,7,23,15,23,23,10
533,11,15,14,6,10,21,16,24,17,10
534,10,9,15,5,8,23,14,20,18,16
535,9,11,25,9,10,26,9,18,20,16
536,8,13,18,4,10,18,16,23,19,16
537,10,10,17,6,12,27,10,16,21,13
538,9,13,19,6,13,22,13,15,21,19
539,12,15,15,7,9,15,11,17,18,16
540,10,8,16,7,10,20,9,22,18,17
541,7,15,18,10,11,20,13,20,22,16
542,8,12,16,9,9,22,10,20,14,18
543,6,12,17,9,9,21,7,20,22,17
544,6,8,18,11,7,22,11,17,22,12
545,12,11,19,4,13,20,10,18,20,16
546,11,10,20,7,14,20,13,22,18,17
547,2,11,17,7,9,19,10,22,23,12
548,9,11,16,11,10,19,12,14,23,17
549,10,10,21,7,11,25,15,18,25,16
550,13,14,18,6,10,25,13,17,20,15
551,9,10,17,5,6,20,10,17,18,13
552,8,14,18,7,9,23,9,21,21,12
553,10,13,16,7,12,30,11,20,22,17
554,9,13,21,6,8,23,9,21,22,15
555,14,13,18,7,10,26,10,18,23,15
556,12,11,17,2,9,25,11,19,21,13
557,8,14,16,8,10,19,10,22,22,11
558,12,10,19,5,8,18,12,17,15,14
559,10,11,19,8,11,26,8,17,26,10
560,10,7,15,8,9,26,12,18,16,19
561,10,7,19,3,7,19,13,19,19,15
562,10,6,17,7,9,21,14,21,19,17
563,8,12,19,5,9,23,11,21,17,17
564,13,15,15,4,10,22,7,17,17,17
565,17,11,22,7,8,21,16,25,19,19
566,9,11,16,5,11,25,13,17,15,22
567,10,11,19,6,10,25,11,23,22,15
568,7,13,25,7,10,22,12,21,14,18
569,11,10,16,4,9,26,8,18,22,11
570,8,12,22,5,9,23,14,16,15,14
571,7,9,22,8,8,29,9,23,20,15
572,9,12,20,7,8,21,13,20,25,21
573,6,14,18,4,9,19,12,21,23,18
574,12,12,24,6,6,21,11,24,17,15
575,8,10,24,6,12,25,14,18,24,15
576,9,12,16,5,13,25,10,23,17,16
577,9,15,19,7,9,25,11,20,19,16
578,10,11,22,5,11,26,8,20,21,20
579,7,9,18,7,10,20,8,16,16,19
580,6,10,21,8,6,23,7,23,15,20
581,11,9,17,5,10,21,10,17,14,19
582,9,10,23,7,8,23,12,19,19,16
583,8,9,20,7,9,17,9,21,18,14
584,9,13,19,7,10,24,11,18,16,17
585,10,16,19,10,8,23,10,15,22,12
586,6,8,16,6,8,24,10,17,22,18
587,12,12,20,5,12,28,12,23,14,15
588,11,11,19,4,9,20,10,18,17,14
589,11,10,19,5,10,21,12,16,15,17
590,10,15,24,3,8,21,12,15,17,21
591,8,8,16,7,8,30,9,20,20,12
592,14,12,20,5,10,22,12,20,17,18
593,8,13,17,5,5,23,14,19,21,22
594,13,9,14,5,8,21,10,14,18,11
595,11,10,16,6,9,17,10,16,24,17
596,7,16,16,5,8,16,9,21,9,13
597,8,14,14,6,12,15,11,19,18,20
598,8,13,22,9,9,23,9,17,18,16
599,10,12,20,6,9,24,15,18,19,21
600,6,12,15,4,13,22,11,15,15,15
601,10,9,23,3,9,23,10,14,15,15
602,8,13,17,9,11,20,13,16,12,16
603,11,12,17,7,10,25,8,17,18,19
604,13,13,16,9,13,26,12,17,21,13
605,14,10,17,6,7,21,12,16,16,14
606,12,13,14,6,5,24,12,20,20,17
607,10,13,22,8,14,22,13,14,15,13
608,9,14,17,7,7,22,7,13,22,17
609,10,9,18,5,10,22,10,13,22,17
610,11,12,20,7,8,18,9,14,18,16
611,11,8,19,6,9,29,10,13,16,18
612,9,12,18,4,8,24,11,19,19,13
613,9,11,21,7,11,23,10,15,14,18
614,5,10,21,4,14,29,10,19,13,14
615,10,6,22,4,9,27,13,18,15,14
616,13,6,15,3,6,20,11,18,20,13
617,13,11,22,9,9,25,10,18,20,14
618,9,9,16,5,12,25,13,20,23,14
619,14,12,21,7,9,21,9,20,22,17
620,7,9,18,9,9,24,13,19,20,19
621,9,9,21,7,11,20,11,19,16,18
622,10,9,22,6,7,20,12,22,19,18
623,8,11,21,8,12,24,11,16,18,17
624,8,7,19,7,9,19,9,18,16,19
625,9,6,19,6,12,19,12,20,14,18
626,8,12,22,5,10,21,14,18,21,14
627,7,10,20,4,12,19,13,16,20,16
628,9,12,19,7,14,24,14,16,18,14
629,10,12,20,4,11,22,6,20,18,14
630,11,13,18,6,10,25,13,18,18,21
631,11,12,17,5,5,21,11,21,19,18
632,11,14,17,6,11,23,12,19,21,12
633,12,10,16,7,9,25,11,19,21,17
634,17,11,18,6,12,22,12,24,20,14
635,15,10,20,6,9,18,12,18,16,19
636,9,12,21,8,14,23,9,18,15,14
637,11,7,15,6,11,25,14,20,19,16
638,8,12,21,4,9,21,11,19,19,16
639,11,11,22,8,9,17,10,21,26,16
640,10,13,20,6,14,22,14,19,23,13
641,9,12,17,5,8,25,8,24,18,23
642,10,11,18,6,12,21,15,17,17,20
643,10,10,20,6,10,21,15,18,15,11
644,12,14,18,6,11,21,10,25,16,15
645,11,13,15,3,9,21,13,26,14,15
646,9,16,19,7,15,19,9,23,21,13
647,10,9,15,6,12,24,14,15,16,17
648,12,10,19,7,11,25,11,17,15,17
649,8,13,17,6,7,26,8,22,18,11
650,11,14,21,8,14,29,13,18,14,15
651,10,11,21,8,11,21,11,18,19,16
652,8,13,17,6,8,21,11,18,14,17
653,10,14,20,6,10,22,9,17,16,16
654,8,12,19,5,10,20,11,23,16,17
655,9,10,16,9,11,28,15,22,18,18
656,7,13,22,7,9,19,7,19,11,15
657,9,12,15,6,14,23,10,20,12,15
658,14,14,19,7,10,22,10,21,16,16
659,13,11,22,6,10,21,11,20,14,17
660,7,15,16,8,6,21,9,19,14,16
661,12,15,18,5,13,23,11,17,14,14
662,9,15,17,7,13,20,10,16,21,18
663,7,13,16,4,8,19,9,20,17,11
664,11,15,17,7,11,20,14,21,16,19
665,11,15,21,6,14,20,9,19,15,13
666,12,19,16,6,9,20,9,21,21,11
667,10,9,21,7,6,19,14,22,18,14
668,12,15,16,6,13,17,11,20,21,17
669,11,13,17,2,9,23,13,18,20,12
670,9,15,20,7,11,25,13,19,16,13
671,13,13,21,6,14,19,11,20,14,17
672,11,10,21,6,12,24,11,26,19,11
673,10,15,19,8,10,21,14,19,17,17
674,13,8,18,7,12,22,11,18,19,13
675,10,6,16,7,11,24,14,20,18,17
676,8,15,20,6,8,25,9,18,13,14
677,9,11,18,7,10,24,10,18,17,18
678,11,13,18,4,11,22,13,18,17,12
679,12,15,19,7,8,27,12,18,18,18
680,12,15,23,5,12,26,6,17,15,19
681,7,14,13,6,9,21,8,19,20,16
682,10,13,21,6,12,22,12,17,17,15
683,14,15,19,3,12,19,11,15,19,14
684,11,17,19,8,11,20,9,16,19,15
685,13,15,17,3,13,21,9,15,20,15
686,8,17,17,10,11,29,7,23,17,16
687,9,17,15,5,15,18,11,18,14,15
688,10,13,14,5,10,25,8,16,25,18
689,13,14,19,4,10,21,4,20,20,17
690,13,8,17,4,12,31,10,21,18,16
691,8,14,17,6,13,22,8,16,19,19
692,12,16,19,5,14,23,13,19,22,21
693,8,17,17,5,11,22,12,14,20,16
694,11,11,20,3,10,19,8,20,21,20
695,10,14,22,4,9,26,11,22,15,22
696,10,8,17,6,12,18,8,16,17,18
697,11,11,17,8,13,20,9,16,18,16
698,14,10,19,9,12,21,11,16,16,13
699,13,12,22,9,15,28,8,19,15,18
700,11,11,19,8,11,27,10,23,21,18
701,11,18,20,7,12,14,16,16,22,15
702,10,12,20,7,13,17,16,16,22,14
703,12,13,19,7,10,22,10,21,20,13
704,12,12,18,4,8,16,11,18,16,17
705,9,17,14,6,11,20,6,16,20,17
706,10,11,19,4,10,23,8,16,19,19
707,8,9,19,7,11,22,11,22,17,19
708,8,15,17,5,12,20,9,18,20,15
709,9,13,21,6,11,23,11,18,22,15
710,10,11,18,7,14,19,9,20,18,16
711,11,15,18,5,11,22,13,20,19,16
712,11,11,16,8,9,16,10,19,19,12
713,13,9,21,6,12,19,13,17,16,12
714,9,16,18,7,15,27,10,20,14,15
715,8,15,22,5,11,23,10,19,19,15
716,7,11,15,6,12,25,10,16,17,16
717,12,13,19,6,12,19,14,16,16,17
718,12,12,20,6,14,22,9,18,21,14
719,11,12,21,7,7,25,9,14,13,18
720,9,12,17,6,10,26,12,19,25,18
721,9,12,16,7,13,20,10,21,24,17
722,8,12,21,9,10,22,11,16,16,19
723,9,11,20,5,8,24,10,16,24,17
724,8,10,18,4,12,17,12,20,21,18
725,8,12,21,7,16,18,8,22,21,17
726,9,15,21,6,9,21,10,15,20,12
727,9,11,21,9,12,23,12,16,18,15
728,11,13,19,4,13,16,9,17,21,18
729,10,16,21,8,15,24,10,17,19,18
730,8,15,16,5,8,24,10,15,23,16
731,9,11,20,6,13,26,10,17,22,18
732,9,12,21,6,10,27,11,15,20,14
733,11,14,20,12,7,25,11,11,17,18
734,10,13,18,9,12,25,12,15,15,14
735,10,15,18,3,11,23,15,19,18,15
736,12,11,16,6,12,25,8,21,21,18
737,10,14,19,8,10,27,8,16,22,12
738,11,13,22,6,11,22,8,14,20,14
739,12,13,17,10,11,30,12,17,20,13
740,15,14,16,8,15,22,8,15,22,11
741,13,12,20,7,11,25,10,20,19,21
742,11,10,24,5,9,26,11,18,15,13
743,14,12,21,7,13,23,9,15,22,13
744,10,14,20,8,9,22,9,17,15,23
745,9,12,27,9,16,21,11,20,17,18
746,8,10,19,8,9,23,9,16,17,17
747,12,15,19,5,11,24,9,13,18,17
748,12,14,17,8,11,22,9,14,20,20
749,10,12,18,8,8,25,15,14,19,16
750,13,11,22,9,11,25,11,17,21,16
751,10,12,20,4,7,19,10,16,23,15
752,8,10,25,5,9,19,8,15,17,13
753,10,17,20,7,9,23,5,14,21,17
754,14,15,16,2,13,19,10,15,24,17
755,10,13,16,5,13,25,9,17,18,13
756,12,12,12,9,13,28,9,18,19,13
757,11,13,19,9,12,23,12,18,28,13
758,11,11,20,10,10,28,11,17,21,13
759,12,13,20,7,12,21,9,17,18,18
760,9,17,23,9,10,22,9,17,23,16
761,8,14,19,4,9,23,9,17,23,18
762,8,13,20,10,11,19,13,17,20,11
763,14,11,21,6,12,22,12,18,19,14
764,9,12,24,6,10,23,12,19,13,18
765,11,14,20,10,11,17,11,19,13,16
766,14,11,19,6,14,19,8,21,25,13
767,13,13,20,5,12,17,9,20,17,17
768,11,11,19,12,12,18,10,14,16,17
769,13,14,20,11,14,25,9,18,18,13
770,13,13,18,5,6,24,10,20,21,14
771,9,10,17,5,14,18,12,17,20,13
772,11,14,20,4,13,22,11,14,23,14
773,11,12,17,4,15,24,12,25,23,15
774,13,9,15,7,11,23,13,20,19,14
775,12,15,19,6,11,25,7,18,24,15
776,14,11,18,7,14,24,7,17,27,19
777,14,10,20,9,14,28,14,17,20,17
778,12,10,15,6,14,19,9,20,23,12
779,12,10,17,7,13,17,10,19,19,21
780,8,10,17,6,13,18,9,18,22,17
781,13,11,20,4,15,23,9,12,19,16
782,10,13,16,6,12,25,9,21,20,15
783,11,8,20,6,7,25,5,20,21,18
784,10,11,15,7,9,25,10,20,26,19
785,10,10,16,7,10,16,10,17,15,16
786,9,13,15,6,10,23,10,21,23,15
787,11,10,17,8,10,20,10,17,17,15
788,9,13,18,5,10,21,13,14,13,15
789,12,12,21,7,13,17,12,18,20,17
790,8,13,22,6,11,24,9,14,17,13
791,12,15,21,8,12,21,7,16,21,13
792,14,14,21,7,12,20,14,19,16,19
793,12,15,14,7,14,18,8,22,21,17
794,12,7,16,7,11,19,12,17,19,19
795,10,9,19,6,11,20,11,20,23,15
796,10,10,17,6,11,25,14,19,21,18
797,15,12,14,6,11,21,11,17,16,18
798,11,14,22,7,10,18,12,22,21,13
799,14,12,16,5,13,21,12,17,20,20
800,9,13,22,7,12,23,12,14,17,13
801,9,10,16,7,11,21,15,18,19,19
802,10,11,21,6,12,19,10,18,15,18
803,10,13,19,2,12,21,11,21,13,14
804,12,10,16,8,12,23,10,18,19,16
805,10,13,23,6,13,22,9,18,21,14
806,8,10,18,5,13,22,12,16,13,18
807,10,14,17,6,8,25,13,19,24,17
808,12,12,16,9,11,21,10,18,23,16
809,12,12,16,4,8,25,13,17,22,14
810,9,15,17,7,9,22,13,14,23,20
811,10,12,16,5,11,11,10,19,24,18
812,12,11,19,3,14,22,10,19,22,16
813,10,11,17,6,11,23,13,20,26,11
814,9,10,18,4,13,19,10,18,22,14
815,11,14,16,5,14,26,13,22,17,16
816,8,13,21,6,9,19,10,21,20,16
817,12,13,16,1,11,21,13,17,29,16
818,10,12,14,7,12,24,9,15,25,13
819,10,13,18,7,15,19,10,15,22,17
820,12,13,21,5,12,19,11,20,16,16
821,7,10,16,6,10,26,9,16,17,18
822,11,9,20,5,12,19,10,18,15,18
823,15,13,19,4,8,26,15,16,20,15
824,11,10,22,4,14,21,10,12,22,15
825,10,6,22,4,8,23,10,17,24,21
826,15,8,16,6,11,24,12,18,21,15
827,8,13,16,3,11,25,8,16,18,21
828,11,9,15,7,10,21,13,22,20,8
829,13,12,21,6,10,19,11,19,23,12
830,11,13,14,6,10,20,9,20,20,13
831,12,11,19,6,9,22,7,19,17,16
832,7,9,17,7,12,23,10,16,21,13
833,10,15,19,7,11,23,10,18,17,16
834,9,10,17,5,13,19,11,20,15,13
835,13,10,19,6,8,25,7,20,21,12
836,13,10,17,4,7,23,7,18,22,19
837,11,12,18,4,7,22,10,16,24,14
838,15,15,17,7,8,19,11,15,15,17
839,10,14,17,6,14,21,8,16,15,15
840,10,12,16,5,15,22,11,20,16,15
841,10,13,20,5,7,22,13,12,19,13
842,8,12,16,7,10,24,15,16,21,17
843,12,15,18,7,12,29,7,16,19,17
844,12,13,17,5,12,22,10,16,17,13
845,9,11,18,5,11,24,11,17,18,16
846,13,11,20,7,12,21,15,17,17,11
847,8,12,24,6,12,22,16,17,18,14
848,8,10,19,8,12,23,13,18,19,13
849,8,11,19,10,11,23,10,15,21,18
850,9,14,18,9,11,26,15,18,18,15
851,10,13,18,4,12,26,10,16,18,16
852,12,11,18,4,14,25,13,18,22,21
853,7,12,23,4,11,24,9,18,19,20
854,8,12,18,6,12,24,11,15,17,17
855,11,11,17,11,12,21,14,16,21,17
856,8,14,20,2,9,21,11,20,18,16
857,6,10,17,6,9,19,13,18,22,12
858,10,12,16,4,11,20,13,20,19,20
859,9,13,16,4,12,25,12,14,20,11
860,6,14,17,2,15,27,14,17,12,15
861,11,14,17,7,14,18,8,17,16,16
862,10,13,18,8,13,20,9,15,18,14
863,13,12,13,3,9,22,11,17,19,16
864,11,15,18,6,13,24,8,20,21,18
865,11,13,21,6,15,19,10,16,22,11
866,7,13,21,4,13,26,12,13,17,17
867,7,12,22,5,15,26,11,13,18,14
868,11,11,16,6,11,22,10,20,20,15
869,10,11,17,6,9,20,10,18,23,19
870,10,13,14,5,15,18,11,17,22,11
871,8,9,15,8,11,21,11,18,21,20
872,14,9,16,7,11,21,10,18,20,14
873,7,9,13,3,9,25,8,14,22,19
874,7,14,17,7,12,23,15,22,15,18
875,9,11,15,7,10,24,10,17,20,19
876,7,9,18,6,11,17,9,14,20,19
877,10,11,20,9,8,17,11,17,18,14
878,6,10,19,8,11,23,15,21,23,13
879,9,12,17,5,17,25,10,18,18,16
880,10,9,14,11,10,18,11,19,23,18
881,9,10,17,5,13,21,9,17,26,13
882,7,13,16,12,14,23,10,17,17,10
883,9,11,15,6,12,25,9,18,19,18
884,10,12,15,6,14,20,14,19,15,15
885,7,14,19,3,13,22,9,20,26,16
886,11,10,20,7,10,25,11,20,26,13
887,9,11,13,6,7,21,10,13,23,14
888,11,11,14,8,11,23,11,20,27,12
889,10,10,16,5,7,25,17,22,19,19
890,8,12,13,8,13,22,10,18,22,18
891,7,11,19,6,13,23,13,22,21,14
892,10,11,18,5,9,25,11,22,24,14
893,9,10,11,8,11,20,7,17,24,16
894,10,14,19,7,12,19,9,14,18,15
895,7,13,17,7,12,28,9,17,18,15
896,10,14,16,4,12,24,12,17,26,18
897,8,14,20,5,10,24,13,14,18,13
898,6,11,17,7,11,26,11,21,18,13
899,9,14,16,6,8,24,14,18,24,17
900,10,10,14,6,15,27,9,19,20,19
901,10,15,14,8,9,26,13,18,22,14
902,13,9,18,3,11,25,9,21,25,16
903,12,9,22,3,12,26,13,14,20,19
904,8,8,13,7,16,22,13,18,18,13
905,10,15,19,3,11,20,9,22,28,15
906,14,9,19,7,9,26,13,17,23,13
907,12,9,19,4,11,20,9,17,23,11
908,11,8,17,5,14,21,9,20,19,13
909,8,12,12,4,12,21,8,17,21,15
910,8,13,19,5,11,17,11,20,20,13
911,9,14,14,6,11,25,13,15,19,10
912,11,10,19,5,15,25,9,15,20,15
913,9,10,19,5,12,22,9,19,21,15
914,8,14,19,5,12,21,10,19,24,13
915,11,15,16,5,13,20,14,20,23,15
916,9,12,20,5,16,32,10,26,24,14
917,12,16,13,6,16,21,14,19,13,16
918,14,8,16,5,12,23,11,19,15,11
919,5,12,22,6,10,21,12,21,19,12
920,11,14,21,4,8,25,10,12,19,16
921,12,10,20,4,10,20,9,15,19,14
922,10,12,13,4,13,20,9,18,16,12
923,8,8,15,5,10,24,13,16,14,15
924,8,14,15,6,12,20,10,21,18,13
925,5,15,17,5,11,22,6,20,21,13
926,6,14,18,8,14,23,8,14,18,15
927,14,11,17,8,14,19,11,20,23,12
928,11,11,15,6,10,24,11,15,22,15
929,11,11,16,4,9,26,11,19,16,15
930,12,15,16,5,5,22,9,20,11,18
931,10,10,21,5,11,23,9,19,21,13
932,13,16,18,5,9,26,13,20,18,12
933,8,10,16,6,10,21,10,14,21,13
934,11,14,16,3,7,21,12,21,14,16
935,8,13,17,4,12,25,12,17,21,12
936,9,9,21,9,8,20,9,21,15,15
937,9,9,17,8,13,18,13,17,21,16
938,8,11,18,6,10,24,10,17,22,11
939,13,12,13,6,13,19,13,14,19,22
940,13,11,15,4,13,16,8,17,22,12
941,7,12,16,5,13,21,12,16,18,10
942,9,13,14,9,12,20,9,16,18,12
943,10,11,15,3,10,20,13,21,16,16
944,8,11,19,6,8,23,11,16,16,19
945,11,13,17,7,11,21,14,16,16,16
946,10,15,15,6,11,18,8,16,21,18
947,11,12,20,6,14,24,9,21,18,13
948,9,12,13,4,12,24,9,18,26,10
949,9,13,16,9,8,23,10,20,20,14
950,10,14,19,8,9,23,8,20,20,16
951,8,10,13,6,9,19,12,24,20,12
952,9,13,13,6,10,23,11,16,18,15
953,12,13,15,5,12,22,10,22,16,8
954,5,13,21,6,10,17,11,21,23,9
955,11,10,19,7,12,16,12,16,18,10
956,8,15,16,7,12,21,10,22,21,14
957,7,13,16,6,11,21,10,18,20,11
958,12,11,17,4,13,18,9,20,17,10
959,8,17,16,8,11,13,12,17,19,19
960,8,13,20,3,11,18,9,20,16,13
961,12,14,18,5,10,17,12,18,21,14
962,12,10,19,7,11,21,13,16,15,16
963,12,16,14,8,11,24,12,19,20,16
964,10,11,15,4,7,21,10,17,20,14
965,12,11,17,7,13,21,6,17,16,14
966,13,12,18,5,9,23,10,17,19,15
967,9,10,20,4,10,21,12,16,21,14
968,9,12,20,7,13,29,10,22,18,11
969,10,10,19,6,10,18,7,20,19,16
970,7,11,17,3,10,21,13,19,20,14
971,11,11,17,7,10,19,7,16,12,12
972,11,14,18,7,11,20,13,17,20,15
973,7,13,21,5,12,20,10,24,21,16
974,9,11,16,3,10,23,13,19,15,14
975,7,16,21,6,13,22,13,19,24,14
976,9,11,13,5,15,21,6,17,17,11
977,6,13,14,6,11,23,7,15,21,18
978,11,15,15,5,10,26,12,15,23,16
979,7,12,21,7,11,23,6,17,21,16
980,8,14,17,3,14,27,9,15,15,16
981,8,11,14,5,12,22,10,21,24,18
982,7,14,21,6,12,24,13,15,19,15
983,10,11,17,9,7,19,13,15,21,13
984,12,11,16,5,13,18,13,18,23,18
985,13,14,18,6,10,25,9,17,20,16
986,10,14,18,8,12,21,15,16,16,13
987,13,15,23,5,16,21,11,17,17,19
988,9,16,17,6,10,27,9,22,22,15
989,10,13,15,10,13,23,9,12,22,19
990,14,11,18,7,11,20,11,15,20,17
991,11,12,18,6,15,25,7,24,20,12
992,10,13,19,8,11,24,14,15,23,15
993,7,15,16,4,14,24,7,18,16,12
994,11,12,15,5,13,26,12,21,20,11
995,8,15,18,5,11,24,14,22,22,14
996,10,13,16,6,13,24,14,20,15,12
997,7,11,16,9,11,20,10,13,28,10
998,9,14,17,4,9,22,10,18,15,11
999,9,13,16,6,13,30,8,17,15,14
1000,9,13,21,4,16,25,12,15,21,13
1001,9,10,17,9,11,22,8,17,18,13
1002,10,8,16,8,8,22,13,18,18,12
1003,8,14,18,5,13,18,17,18,20,16
1004,10,12,11,4,11,24,12,17,25,13
1005,11,12,18,5,7,24,8,17,26,15
1006,10,12,13,1,11,27,11,12,26,17
1007,7,11,18,7,10,24,10,21,19,13
1008,13,11,20,6,13,27,8,20,19,18
1009,9,10,17,8,11,23,10,18,20,12
1010,14,16,14,6,8,27,9,19,24,15
1011,11,11,18,7,8,18,10,20,13,12
1012,9,16,21,5,12,21,10,16,22,16
1013,12,13,18,4,11,24,7,13,23,14
1014,12,10,18,6,11,26,11,18,18,14
1015,8,6,17,5,11,20,15,13,23,14
1016,12,11,25,6,12,23,9,18,15,11
1017,13,11,18,6,13,25,11,17,19,11
1018,13,14,23,6,15,25,7,16,13,13
1019,9,9,16,3,12,26,12,16,18,11
1020,12,12,17,7,12,28,11,19,27,14
1021,9,12,17,6,14,18,9,18,20,11
1022,14,10,18,5,7,23,13,20,23,11
1023,11,15,18,4,8,21,12,20,23,14
1024,11,10,18,5,13,22,12,19,26,14
1025,10,12,17,5,8,18,12,22,23,11
1026,10,10,15,8,7,22,17,15,23,11
1027,9,11,12,3,11,22,12,21,21,10
1028,8,9,18,6,11,25,13,16,19,15
1029,9,12,19,3,12,22,13,18,24,15
1030,12,11,18,5,12,25,14,20,23,13
1031,10,13,17,3,8,29,13,21,19,12
1032,11,12,18,5,14,21,11,18,23,12
1033,8,12,13,7,8,25,18,18,24,15
1034,8,10,17,6,11,21,10,23,18,11
1035,12,11,24,5,5,20,10,17,25,17
1036,11,10,18,6,11,22,11,25,22,14
1037,9,9,18,7,11,25,10,23,19,13
1038,12,9,18,8,14,30,10,22,21,10
1039,11,14,14,8,16,26,10,24,18,12
1040,10,11,18,9,14,28,13,18,19,13
1041,8,13,16,8,13,23,9,20,20,11
1042,15,12,18,6,10,21,8,20,21,9
1043,9,11,26,6,10,22,13,15,16,10
1044,9,14,18,9,9,25,12,20,23,10
1045,8,14,23,4,13,23,10,19,24,14
1046,11,11,21,7,12,18,10,20,21,8
1047,8,10,24,6,8,29,9,16,19,16
1048,13,11,16,6,11,31,11,21,21,14
1049,8,12,18,4,12,24,11,22,21,17
1050,8,11,19,5,12,25,13,23,20,23
1051,9,12,18,7,11,21,8,23,23,13
1052,7,15,21,3,12,22,12,17,22,13
1053,8,15,18,5,15,20,15,21,17,12
1054,9,9,15,5,9,22,14,18,22,13
1055,8,15,20,9,13,22,14,19,21,12
1056,9,14,19,7,13,21,16,19,20,16
1057,8,12,16,5,13,25,13,22,21,15
1058,12,18,18,9,13,24,12,22,17,17
1059,9,11,20,8,7,22,13,20,16,17
1060,9,14,15,8,12,22,16,21,26,15
1061,9,13,21,8,12,20,9,22,18,12
1062,10,12,16,5,8,23,13,16,23,16
1063,9,13,14,5,12,20,12,20,20,15
1064,10,15,19,7,11,24,10,16,18,12
1065,7,13,16,7,9,26,13,16,20,10
1066,5,20,14,9,14,17,11,21,19,14
1067,12,16,18,6,12,19,14,20,17,9
1068,11,14,18,9,14,25,10,16,20,11
1069,15,12,20,7,9,23,13,17,23,12
1070,7,13,18,3,13,20,10,17,25,12
1071,9,16,17,5,12,21,9,16,23,9
1072,11,11,17,7,11,27,10,17,23,9
1073,10,13,23,14,15,22,13,14,23,15
1074,11,11,14,9,12,21,10,16,25,15
1075,13,13,18,6,11,18,13,17,21,14
1076,12,15,17,5,8,17,8,19,24,15
1077,11,11,11,8,12,20,12,15,21,13
1078,12,17,20,11,13,25,14,16,20,14
1079,7,14,14,7,11,22,10,16,22,14
1080,10,12,21,9,11,24,9,20,15,15
1081,11,12,18,11,9,21,8,14,20,13
1082,10,14,16,8,14,24,10,13,18,14
1083,10,12,17,6,13,31,13,14,24,15
1084,5,11,18,10,13,23,5,14,26,12
1085,9,15,17,7,13,22,11,15,29,14
1086,8,11,19,8,9,20,8,21,20,12
1087,5,14,24,6,10,25,10,23,21,14
1088,7,15,19,6,10,23,10,17,17,8
1089,12,15,19,6,10,22,11,12,19,12
1090,9,15,15,5,15,30,13,17,23,19
1091,10,11,20,6,8,26,13,21,15,13
1092,7,16,15,3,11,24,13,16,20,13
1093,12,12,17,5,10,20,9,15,21,16
1094,10,11,15,6,7,20,10,15,20,22
1095,10,11,20,7,12,23,10,16,18,14
1096,9,13,14,6,10,27,8,17,20,17
1097,12,14,15,2,11,20,11,17,14,18
1098,11,12,19,6,14,19,11,20,17,18
1099,9,14,21,8,13,27,12,17,29,18
1100,10,13,11,4,13,22,11,19,26,21
1101,6,14,15,9,12,25,12,14,17,11
1102,10,13,13,7,13,22,8,17,23,13
1103,6,12,13,6,12,25,11,17,23,16
1104,6,10,17,2,8,22,11,17,26,13
1105,8,13,15,6,12,22,12,22,20,19
1106,9,8,17,5,11,27,11,18,18,18
1107,10,12,14,6,13,25,10,17,23,14
1108,7,13,19,6,11,25,9,18,24,16
1109,10,13,16,5,11,27,16,24,25,16
1110,10,18,19,7,9,25,10,19,20,13
1111,7,11,19,6,8,28,9,14,18,13
1112,11,13,20,8,9,25,13,14,22,14
1113,8,10,18,5,11,25,4,17,16,15
1114,11,14,20,7,12,22,9,15,20,12
1115,7,9,14,7,11,20,8,13,15,20
1116,9,8,19,5,9,28,8,17,22,15
1117,11,14,16,5,11,25,8,18,21,12
1118,10,10,15,7,12,28,12,16,19,17
1119,6,15,20,3,10,23,10,18,16,11
1120,11,14,16,8,8,24,13,16,26,19
1121,13,14,17,8,11,21,9,16,24,16
1122,8,10,15,7,11,25,7,10,21,13
1123,10,7,18,5,15,27,8,13,13,12
1124,7,10,20,5,11,22,8,17,14,11
1125,10,15,18,7,14,20,11,16,23,15
1126,11,13,19,8,10,19,14,18,23,14
1127,12,16,17,6,11,24,9,17,21,17
1128,14,17,13,5,13,18,12,18,19,12
1129,10,13,19,7,9,21,9,19,20,16
1130,10,13,14,7,13,22,12,19,26,14
1131,9,11,21,7,13,21,12,19,21,15
1132,11,18,20,7,14,22,6,15,25,18
1133,9,14,21,9,8,26,11,17,24,18
1134,12,12,20,7,9,21,10,16,20,15
1135,10,14,16,5,14,17,9,20,21,21
1136,11,14,18,7,10,25,10,19,23,19
1137,11,17,20,6,13,26,7,17,25,16
1138,10,14,17,8,13,26,9,14,18,13
1139,13,14,14,6,10,17,10,17,22,17
1140,7,14,17,6,12,23,14,24,14,14
1141,12,15,13,6,13,18,11,21,19,16
1142,14,13,17,4,11,25,11,18,20,14
1143,13,12,22,7,8,24,14,21,19,18
1144,11,17,20,5,9,24,14,20,26,15
1145,13,15,18,7,17,22,12,14,21,13
1146,12,19,20,5,8,23,12,16,19,14
1147,12,11,16,8,13,20,12,14,24,13
1148,12,15,20,10,13,19,9,15,22,15
1149,12,11,13,6,9,22,8,19,24,16
1150,10,14,17,6,10,26,9,19,19,14
1151,11,13,18,9,10,23,13,16,25,16
1152,11,13,19,7,12,22,10,20,21,13
1153,9,14,18,7,11,26,10,17,17,14
1154,10,16,17,11,9,25,9,21,19,19
1155,13,13,20,10,13,22,11,16,25,12
1156,9,18,18,5,15,19,12,19,29,15
1157,17,17,18,7,11,22,8,14,14,14
1158,13,15,15,6,11,26,11,14,16,15
1159,12,12,17,5,13,25,8,18,20,17
1160,12,14,19,4,12,20,10,14,20,19
1161,12,15,21,6,15,24,9,17,20,12
1162,10,12,21,7,6,26,9,21,20,13
1163,10,16,20,5,11,30,11,19,20,21
1164,10,12,21,3,14,20,10,17,18,16
1165,11,15,16,7,8,23,11,19,20,15
1166,11,15,20,8,10,29,12,19,18,17
1167,6,9,16,5,11,21,12,17,18,18
1168,11,16,21,3,9,26,8,16,23,18
1169,12,10,20,7,9,23,14,12,17,14
1170,13,16,16,4,11,25,9,18,17,12
1171,13,12,18,6,11,14,13,17,23,12
1172,14,15,20,9,11,30,10,18,22,14
1173,13,14,19,4,11,24,15,16,19,14
1174,14,13,19,4,14,21,9,19,20,15
1175,12,8,19,8,13,23,14,16,18,19
1176,13,17,21,6,14,20,8,18,17,19
1177,8,19,18,9,11,20,7,20,11,16
1178,14,13,17,4,14,22,10,18,19,17
1179,13,19,20,8,15,30,12,17,16,16
1180,14,15,18,8,12,24,10,19,23,13
1181,8,20,19,9,12,17,8,15,25,15
1182,16,16,16,5,11,21,12,19,19,14
1183,7,11,18,6,13,21,10,17,25,19
1184,12,13,20,4,12,24,8,20,22,17
1185,12,15,20,6,11,23,12,16,20,15
1186,10,10,21,6,14,23,11,22,19,16
1187,10,14,19,4,14,21,13,13,26,17
1188,15,14,20,6,9,24,12,12,17,18
1189,13,18,12,9,12,21,12,17,24,18
1190,10,14,19,9,12,22,13,22,19,16
1191,14,14,18,6,12,23,9,17,21,11
1192,11,9,20,6,9,23,6,16,26,17
1193,9,14,19,6,13,32,9,22,29,15
1194,10,14,23,4,10,25,8,20,23,15
1195,12,15,18,6,12,21,10,15,23,15
1196,7,11,19,6,10,21,11,12,20,12
1197,12,12,18,6,14,21,11,19,18,16
1198,7,12,18,10,12,19,12,17,20,16
1199,15,13,18,7,10,25,10,18,25,13
1200,14,8,21,4,9,27,10,21,22,11
1201,13,14,20,4,13,19,7,23,20,18
1202,11,13,18,4,10,25,11,15,22,13
1203,14,10,22,8,8,23,8,19,23,15
1204,11,9,21,3,12,22,9,14,22,12
1205,10,8,22,8,13,25,10,16,20,16
1206,11,9,20,6,10,21,8,20,20,12
1207,18,11,16,8,10,21,10,18,24,21
1208,10,15,22,10,11,22,12,13,21,19
1209,13,12,19,4,14,23,12,17,18,18
1210,13,12,20,8,16,19,8,15,15,17
1211,10,13,22,8,11,23,12,17,19,16
1212,10,15,19,7,10,20,12,16,18,18
1213,10,13,16,7,13,17,10,19,19,14
1214,10,13,20,8,8,21,8,15,22,16
1215,14,11,14,7,11,23,10,15,18,15
1216,10,13,19,6,10,22,13,14,20,9
1217,6,11,19,9,12,21,9,12,23,13
1218,13,11,19,8,10,24,9,19,20,15
1219,8,18,21,7,11,26,11,16,22,18
1220,11,14,21,8,8,20,13,14,18,16
1221,10,16,18,4,13,23,11,18,20,15
1222,8,9,18,4,15,18,8,16,18,18
1223,12,11,17,4,15,22,12,20,23,14
1224,13,12,22,5,9,26,11,24,18,22
1225,12,13,18,7,11,23,8,18,22,17
1226,12,16,15,2,13,21,12,16,19,15
1227,9,12,17,3,8,22,13,21,23,19
1228,10,12,23,8,12,20,11,19,21,17
1229,8,12,21,2,10,28,10,17,21,15
1230,11,16,19,6,11,25,12,20,18,17
1231,10,15,18,10,9,29,10,20,17,15
1232,12,16,20,6,15,23,10,15,23,18
1233,11,13,19,8,9,20,9,15,18,23
1234,9,12,18,9,11,20,8,13,20,13
1235,8,16,18,7,16,19,9,17,23,13
1236,11,14,16,6,14,23,7,14,20,11
1237,15,16,18,6,11,24,12,22,24,11
1238,14,11,13,9,11,17,9,20,22,18
1239,10,14,16,5,12,24,10,17,17,15
1240,11,15,20,5,7,28,9,14,19,16
1241,14,13,18,6,10,22,8,17,17,14
1242,11,11,17,7,15,22,13,15,23,15
1243,15,13,17,9,13,20,13,12,18,14
1244,9,11,17,10,10,26,11,20,16,12
1245,11,13,19,9,15,20,11,26,17,15
1246,10,17,21,8,11,20,11,16,16,15
1247,12,15,21,7,11,22,12,21,19,15
1248,10,17,18,7,11,14,10,20,18,20
1249,10,14,23,5,12,20,13,17,12,15
1250,15,16,18,7,10,20,17,17,14,15
1251,10,10,23,5,11,21,9,20,15,13
1252,12,14,21,7,11,17,10,19,18,11
1253,7,16,24,2,11,22,13,22,17,20
1254,9,12,17,4,11,20,15,20,14,15
1255,11,13,17,7,16,27,10,22,16,12
1256,11,13,17,4,14,23,12,17,18,12
1257,13,14,19,7,14,22,10,17,16,15
1258,8,13,19,8,16,18,11,19,17,15
1259,7,12,20,6,12,23,13,16,16,17
1260,6,13,17,5,16,25,11,17,22,14
1261,8,11,17,5,14,21,10,18,17,11
1262,9,12,21,5,13,17,14,21,20,16
1263,5,14,20,8,10,18,12,18,17,14
1264,13,12,21,8,12,26,14,21,18,16
1265,9,15,22,3,12,23,9,20,24,14
1266,8,11,20,4,12,21,12,19,19,19
1267,14,10,17,6,10,26,14,21,14,14
1268,14,12,24,7,11,15,14,16,16,13
1269,10,14,18,8,15,16,14,20,17,14
1270,9,12,19,7,14,23,10,15,16,18
1271,10,11,18,5,13,16,11,18,13,15
1272,12,14,21,5,12,17,15,16,17,17
1273,9,12,22,10,9,23,11,18,17,19
1274,8,18,16,9,8,19,12,15,17,20
1275,9,12,20,7,13,19,8,17,18,17
1276,15,9,22,4,13,20,5,19,16,18
1277,12,13,16,6,8,17,12,20,18,15
1278,12,16,15,8,9,21,13,17,17,14
1279,9,13,20,7,11,23,9,13,16,19
1280,12,13,20,8,11,23,8,14,23,15
1281,6,11,23,8,13,17,11,17,15,15
1282,9,13,22,7,12,19,8,19,20,12
1283,9,15,21,5,10,23,8,16,20,14
1284,9,13,20,5,10,25,12,17,15,15
1285,7,15,18,3,10,21,11,17,20,19
1286,13,10,22,5,8,22,12,21,18,13
1287,9,13,18,9,10,23,12,17,12,15
1288,7,7,18,8,9,23,11,16,19,16
1289,14,10,19,9,8,20,7,12,22,19
1290,8,9,18,3,12,25,8,13,20,14
1291,8,10,15,7,9,20,11,15,20,16
1292,9,17,17,6,12,19,9,15,20,17
1293,8,13,20,7,10,23,8,18,22,15
1294,8,12,18,8,9,20,12,18,19,15
1295,12,11,17,6,11,22,11,18,18,16
1296,9,11,18,6,8,22,9,17,16,12
1297,9,11,19,8,12,23,10,15,15,15
1298,11,9,19,8,10,22,9,11,19,17
1299,16,10,17,7,9,21,10,15,22,17
1300,9,13,12,4,11,22,9,17,17,15
1301,9,14,14,5,9,24,8,16,25,15
1302,8,14,14,7,12,23,7,16,18,18
1303,9,10,23,6,11,24,9,16,22,19
1304,11,10,21,4,9,26,11,12,21,14
1305,12,14,15,7,7,21,13,20,23,13
1306,16,14,19,8,8,26,12,19,22,16
1307,11,14,19,4,14,25,11,19,19,14
1308,11,13,16,3,11,21,12,18,19,15
1309,16,13,20,4,10,22,13,14,22,21
1310,9,13,17,4,11,22,10,16,20,13
1311,16,15,19,6,8,24,13,20,19,11
1312,9,13,17,5,15,22,13,18,25,16
1313,12,9,15,6,14,19,9,17,20,16
1314,13,13,18,3,12,23,11,18,21,13
1315,14,13,17,9,12,25,11,18,23,13
1316,11,14,16,3,9,19,8,18,18,23
1317,12,8,17,6,13,20,13,17,26,14
1318,13,12,18,4,13,21,12,14,23,17
1319,6,11,15,5,11,24,13,13,21,19
1320,12,6,18,8,11,19,8,17,21,15
1321,11,9,19,4,12,23,9,15,20,18
1322,11,13,19,4,10,22,12,17,23,17
1323,12,10,20,3,13,24,9,14,17,14
1324,11,11,16,3,10,21,11,17,24,18
1325,12,10,16,6,13,23,8,17,17,11
1326,14,9,16,6,11,21,6,14,20,12
1327,11,9,20,6,11,18,8,19,18,16
1328,11,12,17,4,12,25,12,17,15,16
1329,11,13,15,8,16,19,7,17,16,12
1330,9,10,16,5,7,23,12,13,16,18
1331,11,13,17,7,10,15,12,17,23,17
1332,14,10,19,5,8,23,13,17,18,15
1333,8,11,14,5,7,20,13,17,22,14
1334,14,13,16,6,14,20,17,11,24,17
1335,7,9,17,6,10,24,10,19,19,18
1336,13,10,21,2,10,22,11,14,22,16
1337,12,8,13,7,11,23,9,18,16,21
1338,8,10,17,5,8,18,7,14,19,12
1339,13,9,17,6,11,21,7,16,21,15
1340,10,9,18,7,10,24,11,16,23,13
1341,8,10,18,6,11,25,12,14,21,18
1342,13,11,18,5,8,23,9,18,22,13
1343,16,11,18,6,10,23,9,18,24,14
1344,7,9,18,5,11,17,14,14,18,15
1345,11,10,13,7,12,26,9,11,21,15
1346,12,11,14,4,11,23,10,15,14,16
1347,10,9,19,6,6,22,9,11,19,21
1348,12,11,17,6,12,20,10,13,14,14
1349,9,10,17,10,7,27,10,18,19,18
1350,11,10,19,4,10,26,11,14,19,19
1351,10,12,10,7,10,22,7,17,21,14
1352,13,10,13,6,16,20,9,18,23,20
1353,15,8,21,8,11,23,7,16,12,18
1354,10,9,14,4,8,25,12,18,18,13
1355,11,16,17,5,13,24,9,17,19,11
1356,10,12,15,6,15,23,10,14,23,16
1357,10,9,21,8,10,24,11,14,18,18
1358,9,14,15,9,13,18,8,16,19,19
1359,7,13,19,5,13,21,10,14,17,16
1360,11,13,17,7,12,26,9,13,21,12
1361,8,13,14,9,13,20,12,14,24,14
1362,11,10,18,3,10,26,11,20,14,14
1363,10,14,15,8,15,22,8,15,23,14
1364,12,8,15,9,8,28,10,18,21,16
1365,9,7,18,6,14,19,9,14,20,17
1366,6,11,21,5,10,21,12,15,20,18
1367,10,10,17,6,11,21,11,17,18,20
1368,9,12,21,6,18,17,12,16,18,14
1369,11,14,22,6,12,16,10,17,21,13
1370,8,15,19,5,13,28,7,16,24,17
1371,7,9,18,6,14,23,7,16,20,14
1372,15,10,21,7,10,23,8,14,15,18
1373,12,11,17,8,9,25,8,14,17,15
1374,13,8,16,4,10,21,11,23,20,10
1375,12,13,19,7,8,26,12,16,17,18
1376,12,14,20,7,11,18,11,18,22,15
1377,16,17,15,7,9,27,8,15,24,17
1378,12,13,17,6,13,27,13,17,21,20
1379,12,14,14,9,10,30,10,21,17,13
1380,15,14,13,8,13,27,11,21,18,17
1381,12,10,16,7,9,25,14,19,21,13
1382,9,15,14,8,10,21,10,18,21,17
1383,10,12,23,7,13,21,10,14,27,11
1384,13,12,12,6,12,23,14,18,23,15
1385,7,14,17,9,8,20,12,14,18,17
1386,11,15,17,6,14,29,15,19,22,17
1387,12,12,17,6,12,25,12,20,20,16
1388,15,13,17,6,12,27,6,14,20,17
1389,14,15,21,3,10,24,14,14,18,16
1390,10,15,20,6,13,24,13,17,18,16
1391,10,14,19,9,12,24,10,19,17,16
1392,13,13,14,7,14,27,7,19,20,14
1393,13,13,17,7,14,23,12,16,26,10
1394,11,9,15,5,11,23,10,18,16,15
1395,17,10,18,4,9,23,13,17,21,19
1396,13,9,18,3,13,23,9,20,19,14
1397,14,10,14,8,8,17,8,16,16,17
1398,10,13,13,7,10,26,8,18,22,17
1399,12,14,17,7,14,17,14,22,24,10
1400,15,11,19,5,12,17,13,21,21,18
1401,9,11,18,6,10,17,9,18,21,12
1402,9,9,14,5,10,20,10,14,23,16
1403,12,16,13,5,11,26,14,17,21,12
1404,11,13,15,6,14,20,9,16,18,16
1405,10,11,18,7,10,24,11,15,21,15
1406,12,11,17,5,13,19,10,15,21,18
1407,14,18,18,8,10,27,11,17,23,20
1408,14,14,12,10,10,21,10,16,22,11
1409,11,14,18,6,12,22,12,18,28,13
1410,14,15,16,9,10,26,7,18,22,14
1411,8,11,17,11,10,28,14,18,22,9
1412,12,14,16,8,10,19,8,19,18,18
1413,11,14,17,6,14,27,11,17,25,13
1414,14,14,13,7,9,20,10,15,22,15
1415,11,12,18,7,12,18,11,20,14,14
1416,13,12,19,5,9,21,13,19,15,17
1417,10,11,14,5,12,23,8,20,15,18
1418,13,15,18,9,9,24,8,20,13,16
1419,7,9,16,3,10,28,9,15,17,14
1420,13,14,15,12,12,21,11,20,17,15
1421,12,14,24,5,10,24,10,22,15,17
1422,14,14,19,6,9,24,12,19,19,18
1423,12,13,19,6,8,25,12,20,16,16
1424,11,12,19,6,7,20,8,16,16,18
1425,17,13,20,9,12,28,11,13,23,16
1426,15,17,19,2,14,33,13,19,20,15
1427,13,12,16,6,12,25,12,22,17,20
1428,12,11,18,7,14,26,11,20,18,19
1429,11,14,19,4,10,20,10,19,20,13
1430,14,16,15,10,13,23,8,19,21,16
1431,14,13,14,10,13,23,11,14,19,18
1432,12,10,13,4,12,25,13,17,20,11
1433,9,13,12,7,12,26,11,18,15,18
1434,11,10,14,9,7,16,10,17,20,17
1435,13,16,18,11,10,28,10,16,14,14
1436,7,12,19,6,11,24,13,16,15,18
1437,9,12,18,6,5,23,13,16,17,21
1438,15,11,19,8,7,21,11,19,17,18
1439,16,11,13,12,6,24,12,19,23,10
1440,12,11,15,5,14,25,12,16,18,14
1441,13,11,18,4,11,26,9,18,18,19
1442,11,12,17,7,9,20,12,18,15,12
1443,9,12,14,8,11,25,13,22,18,17
1444,14,10,18,5,8,26,12,18,20,17
1445,16,10,21,10,15,24,14,13,14,18
1446,14,14,15,10,11,21,12,16,16,17
1447,8,13,19,9,8,23,8,16,26,18
1448,13,11,18,7,12,22,10,19,20,12
1449,12,10,17,9,9,22,9,20,21,11
1450,11,11,16,7,11,21,7,18,23,15
1451,12,15,17,8,14,27,10,22,21,14
1452,11,14,15,9,9,26,14,18,16,20
1453,10,16,17,12,14,23,10,15,20,15
1454,13,11,15,8,15,26,15,19,18,17
1455,13,15,17,7,13,20,9,22,17,15
1456,13,13,11,7,10,19,13,18,14,18
1457,13,12,18,8,10,29,13,21,20,17
1458,11,12,18,7,10,25,7,22,14,20
1459,10,11,20,7,11,18,10,16,18,14
1460,9,14,18,9,9,22,8,19,22,14
1461,14,15,22,6,11,21,7,18,17,21
1462,12,13,18,6,7,21,9,22,22,15
1463,16,13,24,4,7,21,10,18,21,17
1464,8,11,16,6,11,24,9,18,17,14
1465,9,16,20,7,12,23,12,16,19,17
1466,11,14,18,10,12,22,12,16,22,20
1467,10,13,22,7,11,21,12,18,18,17
1468,10,8,16,6,11,27,8,19,10,17
1469,9,9,20,6,11,26,12,21,12,12
1470,10,10,18,4,10,25,11,19,16,16
1471,12,8,18,5,10,22,12,16,15,19
1472,11,12,15,7,12,20,12,20,15,15
1473,11,11,16,4,11,24,10,15,18,9
1474,6,15,19,8,10,22,8,13,17,14
1475,14,13,21,9,12,24,10,19,13,14
1476,9,12,19,9,12,21,12,18,12,14
1477,14,17,20,5,13,21,11,19,23,23
1478,12,18,19,7,14,23,13,16,19,17
1479,12,9,15,9,12,19,9,18,18,19
1480,8,13,20,8,12,16,10,19,14,19
1481,10,11,16,9,12,20,14,20,20,15
1482,12,12,13,5,9,22,11,21,20,17
1483,15,11,18,8,10,22,12,19,20,10
1484,10,13,20,6,14,20,8,18,23,19
1485,14,13,20,8,12,21,10,20,23,17
1486,12,15,16,5,10,23,6,21,17,17
1487,11,9,11,5,15,23,12,19,19,18
1488,14,10,18,6,12,19,14,19,21,17
1489,13,17,19,8,10,21,11,21,18,10
1490,15,14,16,6,12,23,14,15,19,19
1491,12,13,20,8,7,21,11,19,22,14
1492,11,15,18,6,11,24,11,19,24,18
1493,9,14,17,3,7,22,16,17,17,15
1494,10,11,18,7,12,22,17,17,16,11
1495,11,13,20,6,10,24,7,18,23,17
1496,13,13,20,6,9,19,10,21,27,19
1497,10,11,14,12,14,25,10,20,24,11
1498,11,13,13,7,10,23,14,18,22,12
1499,14,12,15,8,10,24,12,14,21,14
