FRAMES,1,2,3,4,5,6,7,8,9,10
0,20,23,34,13,34,55,23,45,54,44
1,21,27,41,17,33,49,28,39,54,50
2,23,15,38,15,33,54,29,44,57,39
3,22,22,39,15,30,50,34,41,54,45
4,19,26,36,17,31,52,28,35,53,42
5,16,26,38,14,32,59,31,44,58,50
6,25,23,48,19,34,54,32,45,57,42
7,20,21,45,17,28,52,29,46,55,45
8,21,22,41,15,27,53,29,46,51,45
9,27,23,42,10,29,54,33,42,49,41
10,23,24,42,18,32,55,28,47,57,47
11,25,26,47,16,30,55,31,49,61,37
12,20,25,40,18,37,51,29,47,55,47
13,21,21,42,12,35,51,28,47,59,45
14,25,26,42,16,33,53,27,42,55,43
15,29,26,42,17,37,56,32,47,58,44
16,27,23,47,18,34,55,34,44,55,46
17,31,24,40,18,33,55,37,47,54,46
18,26,27,39,14,31,59,31,47,55,48
19,34,29,40,13,29,60,32,47,50,39
20,26,34,41,15,30,53,32,43,54,42
21,32,23,46,17,28,61,37,44,54,46
22,31,27,47,13,31,53,28,40,49,45
23,30,26,49,13,29,60,34,46,52,44
24,26,27,42,18,34,54,38,41,55,45
25,26,27,45,16,26,56,31,49,49,45
26,25,27,49,15,31,56,36,46,49,50
27,31,28,47,21,41,51,37,42,49,46
28,28,29,46,16,34,54,36,44,52,44
29,28,30,45,22,32,51,35,36,54,49
30,29,30,44,23,39,55,38,47,54,41
31,25,28,46,19,26,57,31,44,50,46
32,28,25,43,22,30,55,36,43,50,45
33,32,33,45,24,34,54,34,42,44,44
34,30,33,41,20,37,56,34,50,52,49
35,32,33,43,22,32,57,33,49,45,51
36,29,34,49,21,34,55,42,48,55,47
37,28,32,43,24,39,53,38,48,49,44
38,30,34,45,20,37,65,37,48,51,52
39,28,35,46,18,38,61,36,53,54,47
40,26,36,47,19,38,63,33,44,48,46
41,26,36,49,20,32,54,33,46,56,46
42,28,30,41,25,30,62,35,47,50,45
43,32,40,39,20,34,57,36,45,56,43
44,31,35,46,20,33,65,38,46,57,50
45,29,35,43,20,31,59,39,43,49,43
46,34,32,47,16,29,57,36,48,51,45
47,28,37,39,23,27,60,37,44,55,47
48,28,32,44,17,25,60,39,43,52,49
49,28,30,38,24,25,62,37,50,57,46
50,26,34,43,20,29,59,33,41,67,44
51,29,35,47,21,28,56,40,46,54,42
52,33,35,42,23,30,62,37,44,65,45
53,28,31,46,22,33,59,40,46,57,47
54,31,32,42,22,31,62,31,41,65,48
55,24,31,48,21,27,63,36,48,60,51
56,28,38,43,21,37,57,32,46,57,52
57,30,30,49,20,23,56,37,43,58,47
58,28,37,47,23,32,55,34,51,59,53
59,32,35,49,22,32,55,35,51,58,47
60,27,34,42,17,37,65,37,46,58,48
61,29,37,44,23,27,57,28,50,53,47
62,25,31,44,20,29,60,33,44,64,46
63,30,34,50,19,25,61,36,44,62,47
64,30,36,50,21,29,57,32,53,61,50
65,30,30,45,17,27,62,35,52,64,45
66,30,32,48,22,29,58,32,47,67,44
67,29,30,46,20,29,56,30,46,62,46
68,35,36,48,23,31,59,37,48,61,47
69,28,34,49,20,32,62,35,48,62,47
70,26,28,44,19,32,52,36,50,60,51
71,26,27,45,18,33,61,30,50,58,51
72,31,31,50,17,28,54,37,50,60,45
73,32,30,49,22,30,63,34,54,63,50
74,29,39,47,20,28,50,45,47,59,48
75,27,35,45,17,29,54,38,44,56,55
76,33,34,49,19,33,58,34,48,58,49
77,27,37,45,14,32,53,34,46,55,47
78,30,36,44,12,31,55,37,48,53,49
79,30,36,41,16,33,58,36,52,56,50
80,31,34,46,16,32,64,35,51,56,50
81,30,33,43,18,35,55,37,48,69,47
82,29,29,46,19,34,64,35,47,64,43
83,27,30,44,18,30,60,37,51,57,49
84,28,27,49,17,30,55,33,48,59,49
85,30,33,46,12,30,63,39,50,53,54
86,29,34,51,19,34,59,34,49,60,49
87,27,31,43,15,33,60,34,52,57,47
88,27,34,45,23,36,59,33,51,61,44
89,29,32,48,22,30,54,35,47,55,44
90,29,32,48,15,28,56,38,48,61,47
91,27,32,48,13,31,53,36,43,62,44
92,26,32,46,17,31,59,30,46,55,48
93,27,33,45,23,32,50,29,49,55,49
94,31,33,44,17,28,55,32,47,58,53
95,22,33,43,22,36,58,34,41,57,39
96,26,35,44,20,35,58,35,47,56,49
97,31,31,48,23,30,64,35,53,57,49
98,32,33,45,21,30,53,34,53,66,42
99,27,36,48,21,30,56,29,44,58,47
100,28,35,47,21,33,52,28,53,63,53
101,27,34,48,23,26,53,31,48,57,41
102,28,30,50,21,31,56,32,53,60,51
103,32,35,52,17,33,53,42,51,59,48
104,27,31,56,22,32,63,37,50,59,43
105,30,32,50,21,32,60,39,50,54,47
106,30,35,46,23,30,62,36,52,56,44
107,28,36,43,19,39,59,34,54,58,49
108,25,29,48,19,37,60,35,51,62,50
109,28,37,43,22,32,59,39,48,50,43
110,30,31,39,23,34,57,41,51,52,46
111,33,28,46,22,34,57,36,48,52,44
112,33,31,45,20,37,54,31,45,46,42
113,23,33,45,21,33,53,32,49,54,48
114,28,36,46,21,34,57,34,52,57,45
115,29,38,46,16,37,57,35,51,53,46
116,29,36,51,14,38,57,36,53,54,50
117,27,35,49,9,27,54,33,47,59,47
118,33,30,42,14,29,50,36,52,55,46
119,26,33,47,20,36,51,38,46,58,53
120,33,33,47,20,29,58,34,50,53,42
121,29,38,43,12,32,57,36,53,50,51
122,28,27,47,16,36,56,37,51,53,46
123,29,33,44,16,29,57,37,51,49,50
124,30,32,46,17,30,53,34,51,60,41
125,27,34,46,17,28,57,36,50,58,44
126,32,32,43,15,27,61,35,53,61,56
127,24,35,43,19,31,62,34,56,64,48
128,29,37,47,17,29,60,37,55,60,54
129,29,31,46,20,34,54,38,48,60,48
130,25,38,44,15,31,55,34,50,64,47
131,31,35,53,16,32,52,35,49,63,52
132,30,32,46,14,30,49,34,54,58,46
133,38,33,45,21,32,56,30,52,58,44
134,28,34,48,20,36,51,34,50,63,41
135,26,31,49,21,38,46,41,47,56,44
136,27,33,40,18,36,50,31,53,65,43
137,35,31,45,20,32,52,36,50,54,47
138,31,31,46,20,30,52,31,53,55,49
139,24,31,49,21,36,49,38,50,66,45
140,31,32,42,21,33,56,32,52,58,45
141,25,29,46,20,25,59,36,50,55,50
142,29,31,50,26,28,62,35,52,66,48
143,26,35,46,23,26,57,37,56,62,48
144,34,36,42,24,33,55,29,54,54,52
145,27,33,43,23,36,58,36,50,54,50
146,34,29,43,25,34,63,33,55,57,49
147,28,33,45,24,33,54,35,57,54,42
148,26,29,45,22,34,51,41,52,54,53
149,32,29,47,25,31,59,36,51,53,48
150,28,25,50,21,41,55,36,50,50,47
151,29,37,44,25,31,59,41,48,58,47
152,27,32,42,30,33,66,35,52,58,49
153,25,36,45,24,36,54,36,53,59,44
154,24,34,51,23,35,64,41,56,59,53
155,30,37,47,27,34,57,36,51,59,45
156,28,33,50,27,41,59,38,49,56,47
157,31,35,48,22,33,55,43,47,58,48
158,24,38,43,23,32,57,36,50,62,53
159,27,34,47,26,36,50,35,52,57,47
160,30,32,44,20,33,50,34,52,59,49
161,30,33,56,24,38,56,33,51,63,48
162,28,35,50,20,33,56,45,53,53,48
163,25,36,45,23,33,51,35,45,54,49
164,29,31,44,25,37,55,29,46,62,46
165,27,30,46,26,32,57,38,47,57,46
166,27,28,45,28,36,51,41,50,57,48
167,27,28,44,28,31,57,34,55,55,48
168,26,32,47,27,37,58,34,48,55,52
169,28,34,47,30,32,49,33,45,59,51
170,31,31,49,26,34,55,38,47,49,50
171,32,29,41,28,33,53,35,48,55,51
172,24,32,39,22,33,51,39,48,55,47
173,30,32,43,22,34,57,31,45,48,46
174,30,34,49,29,36,51,34,48,54,45
175,29,35,43,24,33,56,28,47,61,52
176,28,35,46,26,32,57,38,46,58,45
177,28,37,46,27,31,49,35,51,54,51
178,29,30,51,31,28,64,28,48,55,46
179,26,31,41,27,33,56,31,48,53,46
180,30,32,43,26,35,62,33,44,56,49
181,29,38,42,25,31,48,33,54,50,53
182,33,29,46,22,36,56,31,49,55,40
183,30,33,47,25,34,54,34,47,57,48
184,32,35,45,19,33,56,33,51,54,42
185,29,34,50,27,33,54,31,47,61,42
186,33,29,45,26,35,56,35,51,52,47
187,27,36,41,24,28,56,32,49,70,53
188,30,30,46,24,34,51,33,49,62,51
189,32,31,50,25,31,53,30,50,65,47
190,29,31,45,23,26,54,35,51,65,46
191,27,27,52,24,30,55,38,48,63,50
192,29,28,48,24,31,59,36,49,61,49
193,31,31,45,28,29,56,35,47,58,45
194,31,30,39,24,27,50,36,55,63,52
195,32,31,47,28,31,55,33,52,62,49
196,28,31,47,23,31,52,35,49,58,52
197,29,34,47,22,30,61,34,54,65,55
198,28,37,44,25,34,55,39,46,62,51
199,30,32,46,25,33,56,30,48,55,51
200,28,28,47,22,32,53,32,54,57,47
201,25,24,44,23,32,61,33,50,59,48
202,23,32,51,23,32,57,32,47,59,53
203,31,33,44,24,34,54,29,57,61,53
204,31,23,50,23,33,51,31,50,63,50
205,28,29,48,20,28,61,36,51,57,51
206,29,27,45,23,24,57,28,54,60,51
207,34,36,49,28,31,60,36,47,49,45
208,28,35,46,27,30,61,33,52,55,49
209,29,36,49,20,33,55,33,48,49,47
210,21,36,49,25,28,53,33,45,46,44
211,21,34,46,24,35,56,33,49,46,51
212,34,36,46,22,38,54,37,52,55,47
213,36,34,45,18,29,61,33,48,50,53
214,29,34,49,22,32,59,29,55,52,45
215,34,31,45,25,28,62,30,49,53,54
216,29,32,49,21,29,59,31,50,63,49
217,31,37,47,24,29,58,30,44,57,46
218,30,34,43,23,28,60,36,51,58,49
219,29,38,48,23,34,56,37,49,55,43
220,27,34,57,25,35,57,34,53,58,46
221,22,33,48,23,31,53,37,53,56,47
222,29,35,52,25,34,52,36,46,56,50
223,31,38,45,24,37,55,29,45,62,47
224,32,30,47,26,33,53,30,45,66,47
225,26,30,48,25,33,60,30,50,53,46
226,30,27,43,24,32,57,30,50,57,49
227,35,33,44,26,28,59,30,50,56,48
228,27,39,47,23,34,59,32,53,56,49
229,33,34,44,25,31,65,36,51,58,50
230,29,34,46,20,33,59,32,51,59,54
231,34,32,49,25,31,62,30,46,60,49
232,31,25,45,23,31,58,38,51,63,48
233,28,32,50,22,36,57,32,55,64,39
234,32,35,47,19,35,56,37,43,56,49
235,32,34,49,20,35,55,29,48,61,46
236,30,29,48,21,34,54,37,55,61,41
237,28,34,50,27,31,56,31,55,61,46
238,28,35,42,22,35,59,33,50,60,43
239,32,33,44,21,40,66,31,58,57,51
240,28,29,51,21,32,52,38,53,60,53
241,36,30,46,19,36,59,29,44,60,52
242,31,32,47,19,38,56,37,50,63,47
243,31,28,42,24,33,52,33,52,62,50
244,29,27,46,20,30,53,40,52,57,43
245,36,32,48,19,28,53,33,49,58,44
246,32,38,45,26,37,58,35,55,52,47
247,25,34,47,26,34,64,31,51,53,39
248,23,28,47,24,39,64,32,41,59,47
249,28,31,50,24,39,58,34,49,59,46
250,26,33,43,26,39,58,37,47,56,51
251,27,30,51,25,35,56,33,48,58,53
252,36,31,53,22,37,54,38,50,49,47
253,28,29,45,25,34,55,37,47,55,49
254,27,30,55,24,34,56,37,46,55,45
255,28,32,48,26,34,54,37,46,56,51
256,33,25,47,25,30,58,31,49,60,47
257,33,38,50,21,36,60,35,50,59,45
258,34,28,46,26,37,50,36,49,52,54
259,32,34,51,24,38,56,35,49,55,47
260,31,30,43,22,39,52,28,47,53,45
261,31,30,47,30,33,58,34,50,53,50
262,29,34,45,24,27,54,39,47,52,51
263,30,34,46,27,34,56,33,43,60,47
264,35,32,47,22,34,57,36,52,59,51
265,29,33,48,25,30,59,34,45,51,53
266,30,33,47,22,37,63,34,48,53,52
267,28,30,48,26,29,58,32,53,52,50
268,34,29,51,25,39,54,34,52,53,48
269,33,28,50,22,31,61,35,51,56,53
270,29,30,51,30,34,59,32,50,62,48
271,32,28,46,23,38,63,30,54,51,43
272,34,31,44,22,38,50,31,46,55,45
273,37,29,49,22,39,51,29,49,51,51
274,34,28,56,22,42,57,33,49,60,49
275,29,34,51,21,31,67,29,52,61,48
276,29,27,48,29,29,58,30,55,57,50
277,32,26,55,26,38,59,34,48,58,49
278,34,24,45,20,30,55,31,44,60,46
279,32,28,46,25,32,60,38,47,54,46
280,32,34,52,22,30,63,30,49,53,47
281,30,36,49,21,30,60,33,49,64,50
282,30,31,47,26,34,63,33,48,57,48
283,35,34,49,22,29,67,36,50,55,53
284,28,31,53,19,34,57,33,46,61,49
285,33,33,46,25,37,58,33,49,57,45
286,29,27,48,22,39,49,33,50,56,44
287,32,30,51,26,30,62,31,53,51,46
288,28,30,49,23,33,57,34,52,60,44
289,31,30,45,25,36,57,33,56,47,53
290,30,30,46,24,37,61,30,51,53,50
291,30,34,51,22,37,58,29,52,53,53
292,27,37,50,29,35,54,28,48,55,54
293,28,34,52,21,33,52,36,44,55,46
294,24,36,50,22,35,50,34,50,53,54
295,29,29,49,23,37,56,29,48,57,50
296,30,31,50,24,36,61,37,49,57,46
297,29,36,52,23,39,54,39,43,53,47
298,25,35,48,24,31,57,32,48,57,53
299,26,30,50,31,36,59,33,53,58,47
300,30,32,50,22,37,58,36,50,57,45
301,32,31,45,29,35,60,37,50,56,49
302,25,29,50,24,34,62,31,51,61,48
303,29,33,52,28,32,61,28,51,65,47
304,26,35,48,21,38,53,38,45,55,51
305,26,31,52,22,32,56,39,51,57,52
306,31,36,51,24,28,60,38,54,58,47
307,26,35,49,27,27,63,32,53,61,46
308,30,31,55,23,30,57,36,50,56,43
309,24,28,55,21,25,57,39,48,59,44
310,22,33,55,25,29,59,38,42,61,44
311,30,32,51,22,29,60,33,48,52,32
312,31,32,48,22,33,56,36,50,54,46
313,33,37,47,20,29,63,35,51,62,44
314,32,31,53,20,28,60,31,51,60,48
315,29,34,54,22,26,58,29,49,57,46
316,28,34,48,24,29,55,33,51,64,51
317,31,36,52,22,34,60,33,47,60,46
318,27,33,55,20,30,61,32,48,57,51
319,26,28,50,27,31,64,39,48,62,46
320,31,33,49,24,31,56,38,53,65,47
321,28,32,55,27,26,57,40,46,59,47
322,34,32,51,27,28,62,35,51,50,46
323,32,35,48,25,39,55,36,47,57,46
324,34,34,49,26,34,59,32,47,50,43
325,28,34,47,30,35,61,33,50,63,47
326,31,34,47,29,38,59,35,47,63,47
327,32,35,51,26,30,63,35,52,55,49
328,28,31,50,24,35,57,37,53,60,44
329,35,30,50,25,33,56,33,51,61,42
330,32,37,51,34,35,55,31,49,49,51
331,30,32,42,23,36,58,37,49,48,45
332,29,37,48,37,31,55,36,48,51,50
333,25,35,45,39,33,54,34,47,56,52
334,30,30,45,33,32,60,32,50,57,44
335,30,37,51,33,36,54,34,53,55,46
336,30,27,50,38,36,59,31,45,56,51
337,33,29,53,36,35,52,38,43,52,47
338,29,32,49,33,33,59,34,51,54,49
339,25,29,51,34,35,58,37,50,55,50
340,29,30,52,31,35,54,32,51,62,51
341,27,28,55,38,29,60,33,46,63,49
342,29,31,49,38,32,52,37,47,48,49
343,28,33,49,40,31,51,33,49,55,43
344,31,39,49,37,29,58,40,52,55,48
345,31,29,47,28,29,59,37,44,54,51
346,31,34,42,27,27,54,36,46,54,46
347,30,33,48,33,32,56,34,47,58,45
348,32,30,52,31,31,52,35,50,54,47
349,27,29,51,35,29,50,35,49,53,46
350,32,23,51,33,31,60,37,52,53,41
351,28,29,48,27,38,55,31,49,58,39
352,34,24,49,31,34,61,34,52,47,45
353,28,31,50,32,36,60,31,52,52,49
354,32,28,49,37,38,59,33,48,48,47
355,29,34,52,36,32,58,36,43,49,47
356,30,31,52,29,37,57,40,46,50,47
357,28,32,47,18,35,57,31,48,51,45
358,30,31,45,30,27,61,33,49,49,52
359,28,36,49,26,31,61,36,48,55,44
360,33,28,50,34,29,65,33,54,55,44
361,26,25,44,30,29,59,37,52,57,50
362,30,33,49,24,32,57,34,52,56,53
363,28,33,53,24,32,57,31,53,56,45
364,27,32,51,30,34,56,35,47,61,53
365,29,37,49,30,33,53,38,46,55,51
366,30,29,49,26,35,60,37,50,59,52
367,26,27,50,29,40,60,35,53,51,47
368,32,28,49,28,35,56,36,51,58,54
369,30,29,39,27,35,55,40,48,58,50
370,32,27,46,26,35,61,32,46,53,48
371,32,34,46,28,35,53,31,52,53,44
372,27,31,47,28,32,59,36,52,57,48
373,26,33,53,29,32,61,35,50,57,52
374,29,29,48,27,35,63,29,51,59,46
375,31,32,50,24,31,65,36,57,56,48
376,32,34,49,25,34,57,37,46,57,41
377,27,32,51,20,35,56,32,46,58,47
378,25,34,45,24,37,59,34,51,52,45
379,27,30,45,25,32,55,29,51,52,48
380,30,32,54,28,30,53,35,50,54,50
381,30,31,50,26,34,60,31,51,49,48
382,29,34,55,22,26,59,31,50,47,45
383,28,27,49,24,25,65,32,52,53,49
384,27,35,51,24,28,61,37,47,55,47
385,26,28,47,26,28,59,33,51,56,47
386,26,30,55,27,24,55,37,46,52,49
387,28,32,52,25,31,60,33,44,59,50
388,25,35,50,23,31,60,33,48,58,48
389,26,37,51,26,33,60,32,47,62,53
390,32,30,48,20,33,62,30,46,65,51
391,27,31,51,26,31,56,39,55,57,55
392,30,33,48,23,30,63,32,53,56,48
393,31,30,49,24,27,62,35,51,60,53
394,27,31,51,22,28,57,33,53,62,47
395,25,29,55,26,31,62,29,52,64,48
396,27,32,51,28,33,60,38,51,53,50
397,27,32,51,21,28,54,35,48,60,52
398,32,31,56,30,29,57,37,45,57,54
399,26,36,48,29,30,60,34,44,51,49
400,30,32,47,26,27,59,33,49,57,46
401,29,31,42,31,29,58,32,46,57,44
402,28,27,44,29,31,58,27,48,54,46
403,28,26,44,24,28,59,39,49,56,47
404,28,34,45,22,32,64,33,52,53,51
405,31,33,52,24,29,58,35,47,57,44
406,31,33,46,20,31,59,33,50,55,50
407,26,30,44,22,29,57,34,47,56,54
408,27,28,48,26,32,63,40,49,54,49
409,23,23,45,25,30,58,41,54,54,47
410,30,33,41,27,23,62,32,48,52,45
411,28,28,47,23,29,61,30,52,58,42
412,34,30,53,27,34,59,38,48,62,53
413,30,31,46,28,31,63,36,47,60,51
414,26,32,44,23,30,57,32,51,56,46
415,29,30,47,26,33,66,35,48,58,43
416,23,31,46,22,28,57,37,51,53,42
417,23,36,41,22,25,56,37,47,54,49
418,29,32,48,17,29,55,30,49,60,48
419,30,33,50,27,27,58,33,49,61,50
420,33,28,48,23,25,51,36,42,55,48
421,30,28,45,26,32,50,30,47,58,53
422,28,34,54,24,30,53,38,45,54,49
423,27,33,51,20,29,55,33,53,59,48
424,27,30,49,24,31,48,38,44,57,53
425,27,32,44,18,32,57,35,47,54,46
426,24,40,48,28,32,48,36,45,58,45
427,27,29,50,30,35,58,34,44,50,52
428,28,29,50,24,38,56,34,52,58,48
429,33,28,47,25,34,51,37,48,52,47
430,35,34,45,27,33,54,34,55,58,48
431,25,35,45,26,33,56,34,51,54,47
432,26,30,45,22,34,54,35,49,50,45
433,33,28,51,17,36,62,32,52,51,46
434,34,37,45,27,32,59,34,48,49,49
435,26,36,50,27,31,50,36,47,52,49
436,26,32,53,27,31,56,35,50,55,44
437,29,29,47,25,29,64,33,54,51,43
438,33,29,47,24,34,58,31,57,53,47
439,31,31,49,22,33,61,30,50,57,49
440,30,34,49,23,35,59,31,46,52,42
441,32,32,47,22,35,58,30,43,52,51
442,28,29,47,18,33,60,28,48,54,47
443,31,32,50,24,27,62,35,39,49,46
444,28,33,42,25,32,64,23,45,47,53
445,29,33,50,27,30,62,27,45,50,47
446,25,34,42,27,31,60,38,46,55,52
447,28,29,48,21,32,49,31,48,55,50
448,34,30,49,24,34,54,32,46,50,48
449,30,33,48,26,37,58,37,45,55,47
450,25,28,52,27,30,57,31,45,51,51
451,26,28,53,25,31,58,35,46,55,39
452,23,29,49,19,32,55,35,46,51,46
453,31,34,40,21,37,56,28,42,50,41
454,27,37,49,25,31,48,33,46,50,47
455,28,31,46,23,36,61,35,45,52,46
456,27,27,48,23,36,56,27,48,52,51
457,24,31,56,19,31,60,32,54,57,43
458,22,27,50,22,30,60,28,45,54,47
459,29,32,55,20,31,56,30,47,49,50
460,28,34,51,21,32,57,31,50,56,51
461,29,26,48,22,35,57,35,49,56,44
462,28,31,53,24,32,56,35,51,56,41
463,29,28,45,26,40,52,33,52,55,48
464,28,27,55,21,30,57,33,52,51,39
465,28,37,56,25,31,53,32,52,52,45
466,28,36,55,20,32,57,31,43,58,46
467,28,36,56,25,29,52,36,53,57,42
468,27,34,49,24,32,60,31,52,56,51
469,26,30,55,21,33,59,34,53,60,41
470,24,33,58,25,33,55,35,53,58,49
471,23,33,51,19,36,51,38,46,58,42
472,24,33,58,23,29,60,39,47,55,38
473,28,31,55,23,34,49,32,39,51,37
474,31,34,51,19,29,54,38,42,52,43
475,34,32,53,24,31,62,42,43,51,49
476,33,29,51,26,28,55,44,46,59,51
477,29,28,58,21,29,55,34,49,59,47
478,29,31,54,22,26,54,37,48,65,48
479,26,34,51,23,33,53,35,43,54,51
480,26,27,50,23,29,57,38,44,60,46
481,28,31,50,24,29,58,34,44,56,51
482,30,33,56,24,33,62,34,42,54,47
483,28,30,47,21,30,54,42,46,50,50
484,31,29,48,22,33,59,32,45,53,39
485,27,35,48,21,31,56,35,47,52,42
486,28,33,51,22,35,58,33,48,49,42
487,30,32,53,27,34,55,36,48,43,46
488,30,34,50,22,34,57,37,47,55,46
489,31,28,57,18,36,51,34,50,54,43
490,29,31,50,23,30,53,39,44,54,47
491,26,30,51,23,32,55,38,54,56,46
492,32,34,53,26,30,59,33,49,52,44
493,31,32,44,23,29,54,35,48,52,47
494,27,29,43,26,30,56,39,47,57,51
495,28,36,50,19,32,57,42,52,58,55
496,31,31,51,24,34,53,32,49,64,52
497,32,32,52,26,32,64,36,45,63,42
498,28,30,48,26,32,58,33,46,56,46
499,33,33,52,27,30,63,29,48,57,45
500,36,27,47,27,28,52,38,50,54,44
501,36,34,48,26,28,58,39,50,55,47
502,26,35,51,26,31,58,33,52,57,46
503,35,32,53,29,35,56,36,47,61,48
504,30,33,51,27,32,58,33,48,53,50
505,27,34,43,29,32,64,33,46,57,47
506,30,28,54,25,27,63,37,47,54,45
507,28,30,49,27,32,63,32,49,56,51
508,29,28,51,25,31,54,36,52,55,45
509,30,34,56,24,30,51,35,44,59,44
510,32,28,55,25,32,59,30,51,52,44
511,31,34,52,30,29,59,33,49,60,50
512,31,33,53,29,35,57,36,45,59,52
513,29,28,51,23,31,60,32,47,58,44
514,30,32,47,22,31,55,35,50,65,42
515,26,34,56,25,36,53,35,49,60,45
516,32,32,54,24,28,54,32,53,61,39
517,32,26,55,28,29,57,33,44,58,43
518,34,29,46,25,32,60,27,48,60,52
519,32,35,52,26,28,57,31,46,64,46
520,31,28,49,27,33,56,34,48,66,48
521,35,33,46,24,33,64,36,49,60,42
522,26,26,63,24,31,57,39,48,59,45
523,28,29,53,24,32,53,34,52,64,45
524,28,30,52,27,31,58,31,49,62,45
525,28,31,51,24,28,58,37,47,59,47
526,30,30,47,26,28,65,28,48,55,42
527,32,29,52,28,28,55,33,47,52,48
528,32,32,51,27,28,57,32,52,52,44
529,33,30,53,26,31,58,35,47,52,40
530,32,29,55,27,27,57,33,49,55,44
531,25,32,60,28,26,67,35,50,62,43
532,29,34,56,29,32,50,37,49,58,41
533,32,30,53,27,31,54,39,52,46,48
534,28,30,46,26,30,56,39,53,51,46
535,29,30,60,26,31,58,30,52,47,50
536,27,33,58,27,31,54,37,49,55,43
537,32,33,58,31,34,60,33,48,58,48
538,33,33,60,31,27,56,37,48,58,49
539,26,31,54,27,29,60,31,48,62,43
540,27,31,58,26,34,55,36,51,56,47
541,20,26,60,30,30,55,32,56,60,45
542,21,34,45,30,29,56,37,53,59,45
543,22,29,54,28,32,63,34,51,52,47
544,19,29,61,26,31,58,35,51,55,50
545,28,29,56,29,27,57,32,48,55,50
546,29,34,57,27,35,56,35,49,60,53
547,23,28,52,26,31,57,28,53,56,51
548,29,31,55,29,32,57,36,51,59,50
549,25,30,51,29,28,58,34,54,58,46
550,30,33,50,21,28,57,31,45,53,53
551,27,31,56,28,26,53,32,52,60,42
552,29,33,53,28,28,53,31,54,62,43
553,27,31,56,25,28,57,36,51,58,50
554,30,30,55,25,27,60,34,51,64,44
555,30,31,56,28,28,65,36,51,64,43
556,32,29,51,24,29,53,31,50,57,49
557,27,35,53,30,29,52,32,51,59,43
558,31,38,54,25,30,55,35,49,46,45
559,29,34,59,29,33,58,33,50,66,37
560,30,28,48,24,34,60,36,53,61,49
561,33,30,55,22,31,57,30,48,47,42
562,30,24,51,23,30,55,33,48,50,48
563,30,31,53,23,36,54,35,49,52,49
564,30,29,61,21,33,59,34,49,51,46
565,31,25,57,27,31,54,39,50,53,54
566,27,30,50,30,28,58,35,50,51,64
567,28,32,61,25,33,56,31,51,53,46
568,23,34,51,24,35,59,37,51,52,50
569,32,29,55,22,36,56,33,52,58,45
570,24,30,51,23,32,50,37,49,54,53
571,27,31,58,27,35,59,35,51,49,52
572,29,32,60,22,28,57,37,50,52,48
573,25,33,50,21,29,61,30,51,52,47
574,30,35,51,21,31,58,36,51,52,49
575,27,36,55,22,27,62,35,49,55,46
576,25,32,52,21,35,56,37,54,47,47
577,30,33,56,22,38,61,31,49,54,48
578,32,35,60,21,36,58,30,52,56,54
579,27,35,59,21,35,54,34,49,54,49
580,25,35,58,26,35,61,40,54,49,56
581,29,32,57,22,33,56,36,51,53,51
582,26,31,57,26,35,61,36,53,55,54
583,26,33,53,25,34,55,31,50,59,45
584,20,32,56,22,30,59,31,52,54,45
585,27,31,52,27,31,50,27,58,59,52
586,28,32,50,24,37,57,33,51,53,46
587,32,33,51,20,33,58,33,51,47,44
588,33,32,56,24,33,58,36,56,51,49
589,23,33,60,24,30,51,36,52,56,51
590,30,32,53,21,30,57,33,55,53,45
591,28,34,57,26,31,57,36,53,57,45
592,30,34,56,27,35,57,33,54,45,49
593,33,32,54,23,33,54,30,50,56,48
594,27,30,55,23,30,59,35,50,52,48
595,30,32,57,23,32,53,33,49,58,41
596,26,34,52,25,28,56,37,53,52,45
597,28,32,51,25,38,51,29,48,52,49
598,27,28,51,27,37,58,32,49,56,41
599,25,31,54,28,29,68,35,49,53,49
600,31,32,52,28,31,57,28,50,53,46
601,31,32,54,22,32,60,33,48,54,50
602,26,33,50,25,32,56,30,44,49,52
603,26,33,52,25,35,53,30,50,51,47
604,33,35,46,23,39,63,41,53,55,50
605,27,32,50,26,35,59,32,49,54,44
606,27,31,53,20,36,56,34,51,49,45
607,29,30,57,28,33,62,30,51,53,47
608,29,37,52,25,31,59,35,42,57,50
609,27,34,53,22,30,65,34,40,58,48
610,33,31,52,20,39,56,35,45,52,50
611,30,31,51,20,35,60,37,45,52,49
612,29,32,60,23,32,66,36,48,56,49
613,30,29,53,25,32,58,29,45,53,48
614,27,27,58,19,34,61,29,44,56,49
615,26,28,52,22,33,59,32,49,51,50
616,34,26,56,22,31,58,34,52,53,44
617,32,27,56,28,33,61,37,49,54,49
618,29,32,54,25,25,67,36,54,58,44
619,33,33,55,27,30,66,33,52,50,50
620,28,25,52,29,27,51,37,49,52,50
621,29,27,54,27,33,52,35,51,51,47
622,26,31,50,27,29,53,31,50,50,49
623,29,28,57,26,31,54,33,46,57,50
624,28,32,57,24,30,56,33,51,52,46
625,26,27,54,28,29,47,33,55,62,55
626,30,29,49,23,34,52,31,52,48,47
627,29,30,49,26,39,54,38,49,55,55
628,31,34,54,24,34,57,38,51,53,42
629,28,33,48,18,31,61,32,55,57,50
630,27,32,52,28,31,60,33,53,51,47
631,34,36,49,22,30,51,35,52,56,53
632,30,32,45,20,30,59,41,52,57,44
633,30,33,48,22,35,67,37,51,58,54
634,29,33,49,21,37,61,39,50,52,53
635,32,38,51,23,33,60,36,47,51,46
636,27,34,48,26,34,54,37,49,52,49
637,28,32,49,23,30,51,36,47,55,54
638,26,30,51,21,34,55,31,55,57,46
639,32,31,49,26,33,48,33,53,60,45
640,27,33,49,27,40,57,35,55,62,44
641,26,33,48,24,33,58,30,55,56,48
642,27,32,52,24,31,55,32,51,49,51
643,31,29,47,25,35,60,37,49,51,46
644,29,31,50,30,38,50,28,56,53,54
645,24,31,50,21,33,59,39,51,53,45
646,26,34,50,23,38,54,33,51,57,44
647,30,28,46,19,42,61,37,50,54,47
648,30,32,43,24,38,61,31,48,50,44
649,30,37,49,20,35,59,35,49,50,39
650,29,34,50,21,38,60,37,53,53,51
651,32,31,53,24,34,56,34,55,55,53
652,29,31,47,20,38,56,36,53,52,47
653,31,39,46,23,34,58,35,50,50,50
654,24,33,50,22,34,60,37,56,49,50
655,25,29,48,25,32,58,33,52,51,43
656,28,29,51,27,31,53,34,50,50,49
657,30,37,50,26,34,53,37,52,51,54
658,30,32,49,20,34,60,33,55,54,45
659,32,32,51,27,33,57,34,46,50,49
660,27,33,48,25,30,52,33,49,49,45
661,30,37,57,25,31,53,30,54,44,39
662,32,37,49,24,27,53,37,52,50,49
663,22,34,49,23,32,58,36,49,55,47
664,23,32,49,27,30,57,37,52,49,52
665,25,40,48,21,32,55,33,55,49,46
666,32,33,51,22,31,53,32,55,47,46
667,30,36,54,28,30,54,37,54,59,46
668,31,31,47,22,36,56,37,56,56,43
669,29,39,50,21,34,57,34,49,56,46
670,27,38,52,31,37,58,30,47,53,52
671,31,35,43,22,25,55,33,45,53,46
672,27,35,50,22,26,56,37,53,52,44
673,25,34,45,25,27,56,36,48,53,53
674,27,30,48,23,30,59,32,52,56,42
675,24,33,51,22,34,56,30,56,55,47
676,22,35,54,19,30,59,31,53,46,46
677,27,36,55,21,30,65,29,52,55,48
678,29,31,49,25,38,57,31,51,50,52
679,27,38,51,23,38,62,35,52,54,52
680,29,30,49,24,33,58,33,49,52,49
681,29,33,49,26,32,53,33,51,57,45
682,28,32,48,23,30,57,36,51,52,42
683,30,33,51,22,34,54,34,49,53,51
684,25,33,51,24,32,58,33,45,58,50
685,31,33,49,23,32,54,36,47,54,50
686,32,31,50,25,34,57,31,51,51,42
687,31,38,42,25,31,62,36,50,51,46
688,29,33,49,20,34,54,32,49,57,51
689,29,33,51,23,35,64,30,54,61,49
690,26,27,48,22,32,56,33,47,50,48
691,26,35,56,21,31,60,30,50,55,54
692,31,34,51,24,34,61,34,53,57,50
693,30,35,51,24,27,56,37,47,51,51
694,26,32,47,21,25,53,40,49,53,49
695,32,35,55,20,30,57,35,54,54,50
696,27,29,52,23,29,52,31,54,61,48
697,29,31,45,28,31,54,33,52,52,49
698,32,29,48,25,39,51,36,53,54,46
699,32,30,51,22,35,65,32,49,56,49
700,32,29,52,30,35,62,33,49,54,48
701,26,35,50,23,36,51,34,51,60,45
702,29,35,54,25,36,51,34,46,57,50
703,25,32,45,25,34,52,34,46,56,51
704,32,36,51,23,30,57,35,51,60,46
705,27,38,45,26,33,54,30,44,61,44
706,30,31,46,21,33,49,31,49,54,51
707,27,31,54,21,33,54,30,55,54,51
708,31,32,45,24,29,52,28,47,55,46
709,26,38,54,22,30,58,33,52,62,46
710,25,34,52,24,36,59,27,48,52,48
711,29,35,51,22,34,53,36,47,56,48
712,32,31,47,23,37,55,32,49,55,44
713,36,34,49,23,35,52,31,54,52,48
714,26,32,53,26,32,61,33,46,50,51
715,27,35,50,23,31,57,29,49,55,47
716,24,30,45,27,32,60,32,49,51,48
717,23,36,49,19,30,49,33,48,53,48
718,34,27,51,22,34,52,38,52,60,47
719,27,31,48,20,32,55,29,47,55,52
720,27,34,48,28,33,56,37,51,61,46
721,27,30,46,23,30,61,31,49,67,49
722,22,33,56,27,31,55,33,46,56,48
723,25,38,52,24,27,59,29,51,63,50
724,29,29,52,24,34,60,30,49,64,44
725,24,37,50,22,37,53,30,53,62,42
726,24,34,54,23,27,59,32,46,46,43
727,31,34,43,26,29,57,31,46,51,54
728,29,28,51,22,34,46,35,48,54,49
729,28,33,48,26,33,58,34,43,53,51
730,28,28,48,25,28,67,31,47,54,46
731,36,30,50,23,26,53,38,45,52,50
732,29,31,51,28,36,62,36,46,53,54
733,30,34,49,30,32,55,39,51,54,48
734,30,30,50,27,30,66,37,43,48,46
735,35,34,48,24,28,63,38,45,50,48
736,34,31,49,28,33,61,32,52,63,47
737,30,33,44,24,32,55,33,48,65,38
738,32,33,52,20,33,59,36,49,62,38
739,29,37,49,24,33,67,40,46,57,48
740,28,34,47,29,36,59,31,46,66,41
741,30,35,51,27,30,62,32,54,51,49
742,33,32,51,30,33,60,33,47,60,46
743,28,30,50,28,31,60,31,46,59,46
744,24,35,55,28,31,56,34,48,57,44
745,24,33,49,25,38,52,32,47,53,49
746,23,31,49,23,31,58,39,49,55,47
747,35,36,46,24,34,54,29,45,61,46
748,27,37,57,24,31,65,39,45,63,50
749,27,33,50,28,30,56,36,46,58,44
750,29,31,47,26,29,62,35,45,58,58
751,35,33,48,21,29,52,34,45,62,47
752,30,30,52,23,33,52,33,42,59,44
753,28,38,51,23,26,54,26,45,58,50
754,32,36,47,23,33,50,37,49,61,49
755,33,30,46,25,32,55,34,51,60,46
756,29,35,45,24,33,60,40,50,55,44
757,38,31,44,25,31,50,35,44,61,47
758,32,28,51,21,33,62,30,46,60,48
759,30,33,53,29,35,53,35,49,64,49
760,26,34,50,29,33,58,38,47,64,50
761,30,30,47,25,26,55,35,49,60,46
762,31,35,52,26,33,53,31,47,62,43
763,33,34,54,25,32,49,37,49,53,43
764,31,30,49,26,31,50,36,48,60,48
765,33,28,48,22,34,56,33,46,50,43
766,36,32,49,24,37,47,33,49,58,42
767,31,35,51,26,33,49,36,46,54,52
768,33,29,43,27,30,54,35,49,54,52
769,36,27,50,28,33,61,34,47,53,47
770,31,33,50,27,33,55,31,51,53,49
771,30,29,49,21,30,53,37,48,50,51
772,27,30,52,24,34,55,31,48,61,46
773,32,33,54,23,35,59,37,50,55,44
774,29,29,53,26,36,63,35,49,54,53
775,27,36,49,25,32,59,30,57,53,48
776,32,28,46,23,38,62,39,52,54,48
777,33,29,53,27,37,60,40,50,60,47
778,34,36,49,20,35,50,34,50,56,48
779,30,27,50,26,33,55,32,53,56,53
780,34,32,48,23,30,55,33,56,59,49
781,33,28,54,25,35,64,31,50,59,43
782,31,26,51,21,30,60,36,51,56,46
783,30,33,51,26,27,61,33,50,53,49
784,27,31,43,27,30,60,40,50,63,53
785,30,32,51,26,30,56,35,52,55,49
786,33,30,48,29,31,62,31,54,59,44
787,32,30,46,27,32,54,34,48,51,44
788,28,34,55,28,34,57,34,48,52,44
789,27,34,56,26,31,53,36,50,52,48
790,30,32,45,26,29,53,36,47,53,50
791,31,40,46,28,29,57,35,44,52,55
792,31,32,47,29,29,52,44,50,56,46
793,35,33,53,28,34,52,34,50,52,48
794,30,35,45,28,27,51,39,47,54,52
795,30,29,47,24,32,59,35,47,51,53
796,29,34,42,24,31,58,35,53,53,50
797,29,30,45,21,30,57,36,50,57,48
798,34,34,49,27,38,53,39,55,53,47
799,27,32,44,28,32,52,38,45,55,44
800,25,32,50,26,35,51,37,50,56,47
801,30,29,51,28,30,52,38,51,51,55
802,30,37,49,22,32,62,34,50,48,48
803,33,29,48,23,30,56,33,51,51,53
804,34,29,50,27,31,51,37,53,51,50
805,26,30,49,29,30,56,34,48,49,52
806,28,30,53,28,30,48,32,49,54,52
807,32,35,42,25,28,54,42,55,63,48
808,30,37,47,25,28,58,37,56,58,50
809,29,32,43,26,30,60,35,50,60,52
810,28,37,42,27,35,44,31,47,60,51
811,30,30,44,22,35,51,36,47,55,53
812,29,31,53,21,30,57,33,49,58,50
813,29,32,41,22,29,59,39,52,58,47
814,29,33,50,22,30,51,31,50,61,41
815,23,31,41,23,34,61,39,48,54,51
816,27,31,50,21,28,51,35,51,58,48
817,25,34,47,25,37,59,36,55,60,46
818,30,35,42,27,34,56,31,43,64,44
819,28,38,46,25,29,58,34,51,56,51
820,29,30,48,27,32,53,33,51,61,54
821,29,29,48,22,29,52,36,45,54,48
822,28,31,51,23,34,56,32,50,52,46
823,34,31,45,18,27,59,40,50,53,46
824,31,31,53,22,32,57,29,45,57,49
825,25,29,50,23,30,55,32,49,58,49
826,38,32,48,21,36,59,31,49,58,46
827,31,39,47,23,31,57,32,45,58,48
828,31,28,50,19,33,51,37,49,60,53
829,33,33,48,20,32,49,33,47,55,46
830,35,36,46,22,27,62,29,57,58,51
831,30,31,52,21,32,49,37,49,53,41
832,31,30,47,22,38,57,35,51,57,47
833,29,35,51,19,32,60,31,50,57,44
834,34,24,54,22,32,56,33,53,52,50
835,31,21,49,23,26,59,31,51,58,46
836,31,30,45,20,30,57,29,48,56,45
837,31,32,50,25,29,53,36,51,59,45
838,32,36,51,24,34,59,27,45,51,48
839,34,30,52,26,36,59,35,56,53,48
840,21,33,53,26,36,60,37,47,47,45
841,29,35,53,21,33,56,33,46,54,46
842,25,35,54,30,34,56,30,51,52,44
843,30,34,50,27,31,61,31,51,52,47
844,30,31,49,23,36,60,30,46,49,46
845,32,28,53,26,35,66,33,46,58,44
846,33,38,52,24,32,53,32,49,55,40
847,26,28,50,25,34,54,37,57,56,46
848,21,32,46,22,41,55,34,51,53,52
849,24,35,53,21,36,56,31,51,52,44
850,23,31,51,25,34,64,42,47,51,50
851,26,35,49,23,35,61,33,46,53,48
852,28,34,55,24,36,55,31,51,51,46
853,27,34,46,20,34,55,34,47,57,49
854,28,37,51,23,35,59,33,51,50,51
855,24,28,48,27,39,57,32,51,51,50
856,23,28,50,23,39,59,32,50,54,48
857,26,30,44,23,31,58,36,54,51,49
858,24,38,50,23,29,57,32,47,55,50
859,24,33,44,23,31,54,35,46,48,46
860,24,33,46,25,37,61,39,48,54,43
861,25,33,50,23,35,58,36,51,52,46
862,24,36,52,24,31,56,35,48,54,49
863,26,32,44,19,31,57,33,50,52,49
864,32,36,52,24,31,55,29,48,55,49
865,26,32,55,23,33,58,36,45,54,51
866,26,33,53,21,27,62,34,49,50,47
867,24,35,50,23,30,56,36,50,58,47
868,26,35,42,24,32,54,30,51,54,48
869,30,33,51,27,26,52,33,50,66,48
870,26,29,43,24,39,50,36,46,53,45
871,33,30,42,25,30,63,37,50,55,48
872,30,26,51,19,34,54,38,51,54,47
873,22,30,46,23,31,55,33,49,52,49
874,23,29,42,29,28,57,34,54,50,52
875,25,37,43,28,36,60,36,51,56,49
876,23,35,43,23,37,56,36,49,53,48
877,29,33,48,25,30,53,34,55,51,46
878,22,33,45,26,32,58,34,50,52,56
879,26,36,47,27,38,59,34,42,55,47
880,31,24,48,28,29,50,34,48,51,48
881,27,30,49,24,34,58,35,52,65,41
882,26,36,51,31,30,59,34,52,56,43
883,28,29,45,25,37,54,34,48,54,49
884,28,31,43,22,38,61,37,51,50,46
885,26,33,45,20,31,60,31,51,63,45
886,30,31,48,20,31,59,29,52,63,45
887,24,33,43,22,35,52,33,47,55,43
888,24,28,43,26,32,57,34,48,53,46
889,30,35,47,23,31,57,35,51,55,45
890,29,32,49,22,36,56,30,52,55,42
891,25,29,44,23,31,55,35,50,60,43
892,33,33,45,20,30,60,37,54,62,49
893,19,28,39,21,33,57,31,44,63,43
894,29,27,50,21,31,58,31,48,58,47
895,31,32,47,23,34,55,33,52,56,46
896,28,33,44,24,29,57,37,51,58,43
897,32,32,49,23,32,60,31,49,59,46
898,29,31,52,23,30,59,37,52,53,45
899,28,34,47,20,31,56,32,54,61,49
900,26,29,46,24,33,58,30,49,58,47
901,28,32,44,21,33,59,36,46,65,43
902,29,31,45,19,31,60,35,53,66,43
903,26,27,50,22,33,61,36,42,57,43
904,27,26,43,25,40,57,39,50,55,44
905,28,32,47,21,37,57,32,52,63,44
906,28,30,44,25,33,54,30,47,59,42
907,24,29,45,24,30,55,31,48,59,41
908,25,30,49,25,33,58,32,50,61,43
909,26,31,44,20,35,54,34,49,56,41
910,30,32,51,24,32,52,35,51,51,44
911,28,32,48,23,31,59,39,48,57,39
912,31,31,51,23,32,63,31,46,60,37
913,25,28,45,24,30,57,36,52,54,39
914,27,31,47,23,32,54,33,49,56,42
915,27,30,44,20,35,56,32,51,59,38
916,26,35,52,22,33,62,29,52,52,43
917,26,32,44,23,36,57,42,51,54,46
918,32,31,46,20,32,63,36,46,49,40
919,21,32,45,24,29,60,36,49,58,51
920,27,31,47,22,30,60,31,44,53,44
921,30,33,48,22,35,54,29,54,49,45
922,28,34,47,22,35,54,32,50,51,45
923,25,33,44,25,40,55,32,47,48,40
924,25,34,44,23,32,55,31,52,56,44
925,27,27,49,25,29,49,35,49,56,45
926,26,31,49,23,38,57,30,45,49,43
927,27,28,47,26,27,53,36,47,51,42
928,29,33,48,24,33,56,31,49,54,47
929,27,27,50,21,33,60,36,49,52,42
930,29,29,46,25,28,55,28,48,48,43
931,26,34,53,24,33,57,28,49,56,45
932,28,36,47,21,35,57,37,50,49,40
933,26,29,48,24,32,56,34,51,56,40
934,26,28,44,19,30,55,38,51,56,43
935,26,31,43,22,30,57,36,50,52,41
936,24,27,49,26,33,55,36,46,57,48
937,26,28,48,22,33,53,37,49,50,46
938,22,32,52,23,35,54,31,40,56,41
939,30,30,49,22,36,55,32,50,52,47
940,28,27,47,22,36,53,28,46,54,41
941,26,33,48,21,33,53,30,50,51,47
942,27,35,45,21,40,47,34,50,51,44
943,28,35,44,16,28,51,32,47,55,42
944,23,28,47,26,36,54,32,52,57,42
945,24,34,50,22,33,52,32,49,52,50
946,25,31,43,23,31,55,29,48,52,48
947,28,32,51,24,31,56,27,51,53,40
948,25,34,41,22,31,57,32,55,58,38
949,24,35,51,24,27,52,31,51,55,37
950,28,37,47,25,28,55,34,48,55,44
951,22,33,48,20,33,52,28,55,57,44
952,29,32,51,21,32,56,29,49,57,46
953,28,33,46,21,29,47,33,50,52,40
954,28,33,51,19,29,55,33,54,51,45
955,26,26,53,25,30,50,29,47,56,41
956,24,34,48,28,36,49,30,54,52,45
957,25,33,46,22,31,53,33,50,58,49
958,30,34,44,27,31,51,29,53,54,43
959,23,40,45,32,32,49,35,46,51,44
960,27,28,43,24,29,48,29,50,59,46
961,27,36,49,26,30,52,32,53,53,45
962,28,34,47,25,34,51,32,46,51,43
963,28,31,47,26,34,60,28,54,55,48
964,30,35,41,25,33,48,28,44,57,44
965,28,29,49,21,33,53,29,46,51,41
966,27,35,49,20,26,58,34,53,53,44
967,26,30,52,30,34,53,33,48,46,43
968,27,32,45,25,30,61,35,50,55,45
969,26,38,48,28,31,54,31,50,47,42
970,27,33,44,25,29,55,36,50,53,45
971,28,37,50,22,33,53,36,51,51,44
972,28,33,47,24,31,59,36,50,50,48
973,21,33,46,24,32,57,39,50,53,51
974,28,33,40,23,35,56,32,54,47,45
975,26,34,57,28,37,62,38,41,55,51
976,29,34,47,24,34,55,36,47,54,55
977,26,37,47,22,31,54,33,46,51,49
978,24,33,48,25,32,57,41,47,54,50
979,23,33,53,27,30,60,32,53,61,56
980,28,36,45,24,37,69,34,49,56,51
981,23,30,48,25,33,63,34,49,61,48
982,27,35,53,23,37,61,33,48,54,50
983,27,35,52,23,31,53,28,50,51,54
984,31,33,49,20,34,55,35,49,56,53
985,27,34,52,23,30,65,36,55,54,53
986,26,36,50,25,29,59,39,50,53,50
987,30,36,46,23,33,58,34,49,53,48
988,28,34,48,24,30,60,33,50,61,46
989,28,34,51,29,37,56,31,46,49,54
990,31,30,42,24,36,56,33,49,53,51
991,26,30,46,23,32,59,34,56,53,35
992,27,30,44,24,30,64,39,48,49,45
993,21,31,46,23,39,64,31,49,53,43
994,32,33,50,23,36,60,36,48,54,44
995,29,36,49,22,31,59,40,47,58,46
996,27,30,44,25,36,57,42,49,52,42
997,27,35,50,24,32,62,38,45,67,42
998,26,36,47,22,33,62,37,49,55,40
999,31,30,48,23,31,63,34,48,56,42
1000,26,31,46,19,33,59,37,49,58,38
1001,27,32,50,25,32,58,37,49,59,44
1002,30,25,46,28,32,58,33,49,55,42
1003,26,31,48,25,31,58,40,50,63,44
1004,24,31,48,24,35,56,40,53,59,49
1005,23,33,46,23,36,56,37,50,60,40
1006,24,29,48,22,32,62,36,50,59,47
1007,29,33,54,23,32,61,35,53,54,41
1008,31,36,43,25,33,64,36,51,58,46
1009,26,28,46,27,33,60,36,49,57,39
1010,30,34,48,23,30,61,40,48,57,43
1011,31,30,45,24,32,58,36,45,54,47
1012,29,29,49,24,37,60,39,45,49,43
1013,34,31,47,23,32,57,37,44,58,50
1014,30,33,43,24,35,64,40,43,59,43
1015,23,24,47,23,33,58,37,43,55,42
1016,36,30,50,24,31,61,36,49,51,40
1017,27,27,46,23,31,53,40,48,58,38
1018,35,30,44,27,38,55,32,53,57,38
1019,32,24,45,21,36,62,35,46,55,37
1020,35,28,47,23,34,56,31,52,61,39
1021,29,28,49,23,33,57,39,48,57,40
1022,25,30,51,26,31,62,39,55,61,38
1023,28,33,46,23,35,56,33,47,56,39
1024,31,37,49,19,37,65,34,49,63,39
1025,28,28,48,20,35,58,44,51,51,42
1026,24,28,46,20,29,57,40,48,63,34
1027,32,35,46,24,37,60,37,58,59,43
1028,33,36,49,25,32,57,37,55,59,36
1029,34,31,49,21,33,58,36,54,63,39
1030,28,32,42,21,34,52,35,44,60,39
1031,32,31,48,22,35,62,36,47,53,41
1032,31,35,50,23,31,56,33,49,61,41
1033,35,33,44,22,29,54,32,47,58,45
1034,32,31,46,24,32,54,34,53,58,44
1035,30,30,55,23,31,54,36,49,61,42
1036,32,31,47,20,30,65,37,47,58,40
1037,28,30,45,23,36,61,37,56,56,40
1038,26,29,46,27,39,65,35,51,51,36
1039,31,33,47,28,31,63,35,54,52,40
1040,28,31,49,25,36,60,29,54,57,34
1041,30,31,53,30,32,52,33,49,56,33
1042,35,30,48,25,31,51,34,53,51,34
1043,23,32,54,26,28,54,37,51,55,32
1044,30,31,47,26,32,58,35,53,55,39
1045,33,32,52,21,30,57,31,45,63,42
1046,32,33,52,25,31,55,36,51,62,35
1047,31,33,51,21,29,63,37,51,59,46
1048,32,29,50,21,33,64,33,48,55,43
1049,26,35,49,20,32,54,29,51,53,47
1050,26,34,49,21,34,55,38,52,67,53
1051,21,32,50,27,35,56,38,51,53,45
1052,35,38,48,21,31,61,37,46,58,45
1053,23,36,48,26,29,56,41,52,59,43
1054,27,31,54,23,33,55,46,56,64,45
1055,23,35,41,25,34,59,41,52,64,48
1056,26,36,48,25,36,50,38,50,61,43
1057,23,31,48,27,31,55,34,48,60,46
1058,23,41,50,26,33,57,33,45,59,42
1059,27,37,49,27,30,56,33,49,58,45
1060,28,35,43,25,30,61,35,51,55,44
1061,28,35,49,27,34,48,32,48,46,39
1062,23,31,49,25,32,55,35,51,59,39
1063,25,36,49,25,32,55,34,50,59,39
1064,26,36,47,27,32,60,40,46,61,40
1065,23,36,46,23,29,58,37,57,56,38
1066,18,36,45,25,35,55,34,52,53,40
1067,27,37,51,18,32,57,34,50,55,40
1068,31,32,49,24,42,59,33,51,55,37
1069,32,35,52,24,36,53,36,46,57,44
1070,27,34,50,23,30,56,31,41,61,37
1071,32,34,44,22,27,58,31,47,58,40
1072,25,36,45,23,29,61,37,50,61,38
1073,30,36,51,28,35,60,34,44,62,43
1074,28,35,47,26,31,62,37,45,60,50
1075,28,36,41,28,30,56,33,47,61,34
1076,31,38,46,26,33,55,35,49,58,39
1077,32,25,46,25,34,56,35,50,58,45
1078,30,33,47,28,32,60,39,49,61,45
1079,25,35,48,27,31,58,34,46,63,44
1080,32,33,41,27,38,58,33,52,53,43
1081,29,36,48,26,30,56,31,52,54,45
1082,27,34,51,28,30,61,28,48,51,40
1083,31,34,46,26,35,61,36,47,57,46
1084,27,32,47,24,31,53,28,46,64,37
1085,30,36,48,24,33,57,34,48,61,46
1086,26,38,47,24,34,62,32,43,55,36
1087,23,36,48,20,33,59,35,50,56,42
1088,30,36,53,24,30,51,28,52,60,39
1089,31,35,51,26,31,50,36,45,66,45
1090,29,36,47,23,39,59,37,45,62,47
1091,27,33,60,27,29,58,34,49,61,47
1092,31,40,49,21,31,60,31,47,54,48
1093,34,38,46,26,32,56,38,46,58,50
1094,22,37,49,24,30,51,30,50,66,53
1095,28,32,46,24,29,57,33,50,54,51
1096,27,34,44,25,31,61,35,48,52,47
1097,33,30,51,19,31,56,31,51,47,49
1098,30,38,47,23,31,55,31,43,55,48
1099,31,39,51,22,35,67,32,49,63,50
1100,28,36,46,24,35,52,36,47,64,51
1101,29,40,45,29,32,56,32,50,54,45
1102,32,33,48,20,33,55,30,44,55,47
1103,27,34,46,27,28,55,29,46,58,42
1104,28,31,51,20,32,60,31,52,55,46
1105,30,35,46,22,32,57,35,51,59,46
1106,30,31,46,25,31,63,34,49,56,49
1107,31,35,45,23,32,64,35,49,58,47
1108,24,36,52,25,33,64,38,46,59,45
1109,29,36,44,22,30,60,40,49,54,49
1110,28,36,49,25,31,65,36,46,54,48
1111,22,29,49,24,34,60,31,45,53,50
1112,27,36,49,29,31,63,29,43,60,48
1113,23,33,45,24,32,64,33,54,58,45
1114,34,36,44,23,35,62,34,49,53,50
1115,27,34,49,27,34,51,30,44,56,53
1116,31,35,47,27,32,59,26,50,47,46
1117,22,39,47,24,26,58,32,52,51,49
1118,31,39,47,24,31,66,33,46,55,51
1119,24,39,46,18,31,50,27,46,58,45
1120,31,37,45,23,26,62,36,55,61,48
1121,30,40,49,20,32,58,31,49,59,48
1122,29,36,43,24,31,57,31,49,59,47
1123,31,35,48,21,33,55,34,45,53,44
1124,27,39,43,24,32,53,37,51,51,39
1125,28,39,49,19,33,50,33,49,56,47
1126,24,42,49,22,30,53,39,47,58,46
1127,26,42,48,28,28,58,35,46,63,47
1128,27,39,47,28,30,55,40,50,62,41
1129,27,44,50,25,31,49,28,48,61,48
1130,26,37,44,31,34,60,39,49,59,49
1131,30,41,49,26,30,51,33,49,59,48
1132,26,44,48,25,33,52,29,54,61,52
1133,23,44,50,30,27,57,31,56,56,51
1134,26,35,53,26,29,55,34,50,58,51
1135,25,41,45,21,31,60,30,48,58,53
1136,26,40,48,24,32,62,35,49,57,48
1137,28,42,48,21,32,60,30,47,60,50
1138,30,37,53,25,35,55,34,52,58,50
1139,29,32,54,24,31,50,31,51,57,50
1140,25,37,45,21,37,61,36,50,51,47
1141,33,39,50,22,35,57,31,48,53,43
1142,38,41,50,26,30,58,37,48,51,51
1143,30,40,49,25,29,56,35,45,55,48
1144,33,38,51,30,27,64,33,50,52,51
1145,35,36,45,27,32,72,38,43,53,51
1146,29,40,46,25,29,62,34,43,53,45
1147,23,36,46,25,29,63,34,50,54,40
1148,34,41,48,27,36,58,31,50,50,50
1149,32,44,50,28,33,58,32,41,53,48
1150,32,42,50,28,36,59,31,56,53,47
1151,28,40,54,29,30,54,36,48,56,49
1152,34,38,54,24,31,54,35,45,59,48
1153,33,38,44,26,35,57,36,50,56,49
1154,29,41,47,23,31,58,33,52,55,52
1155,33,37,54,24,33,56,35,49,62,46
1156,30,38,51,28,36,52,35,49,61,51
1157,31,41,50,26,33,57,29,52,51,51
1158,36,40,52,25,32,55,33,51,52,44
1159,32,34,48,27,34,56,37,53,48,52
1160,35,39,45,24,30,53,34,44,56,45
1161,35,40,51,24,34,61,37,50,50,50
1162,36,37,50,26,28,55,35,52,51,49
1163,30,39,50,29,34,59,32,50,53,57
1164,37,38,50,21,35,57,31,49,52,49
1165,28,40,48,23,30,51,32,53,55,46
1166,35,41,50,28,31,64,29,51,47,53
1167,33,41,50,20,30,59,37,52,54,55
1168,30,41,46,22,32,57,36,50,54,52
1169,31,40,51,27,31,58,35,44,56,50
1170,31,41,46,20,30,57,34,48,54,45
1171,42,37,52,25,32,55,34,54,49,42
1172,34,43,53,22,32,57,36,43,60,44
1173,33,40,50,24,35,55,38,48,53,47
1174,32,41,55,28,35,55,34,53,55,46
1175,34,35,51,30,33,51,31,47,52,48
1176,32,41,47,26,33,51,31,50,51,42
1177,31,41,46,27,36,57,36,49,49,45
1178,31,40,49,20,36,53,28,50,51,50
1179,31,42,47,24,35,66,32,50,50,47
1180,31,40,51,27,36,61,35,51,60,46
1181,30,40,55,25,30,49,34,54,51,50
1182,35,43,51,24,38,50,37,45,60,50
1183,35,43,51,22,34,52,37,44,63,52
1184,31,35,51,22,30,57,31,48,58,46
1185,28,39,51,25,34,60,30,46,56,51
1186,31,41,47,19,30,54,40,46,58,45
1187,33,45,50,23,33,56,36,50,67,52
1188,33,39,46,27,32,52,33,47,57,55
1189,29,42,44,28,32,58,33,50,58,50
1190,33,38,48,27,34,58,32,50,57,49
1191,33,41,45,24,35,60,32,50,57,53
1192,31,38,50,22,32,54,29,46,63,53
1193,30,37,47,23,39,63,30,49,64,52
1194,31,36,54,29,33,58,33,45,64,53
1195,33,37,47,26,31,58,31,48,61,44
1196,30,29,54,22,30,60,31,52,60,53
1197,35,32,48,28,33,49,36,46,61,45
1198,28,34,52,27,34,53,30,44,59,47
1199,37,30,45,21,27,57,34,49,64,50
1200,31,36,49,23,36,58,30,50,58,45
1201,29,34,51,23,33,51,33,52,61,52
1202,31,35,49,24,33,52,37,53,61,50
1203,31,38,51,23,29,55,35,48,56,44
1204,34,36,52,18,32,59,39,45,61,50
1205,36,38,55,20,31,58,30,51,50,44
1206,28,34,52,24,33,58,31,48,56,44
1207,35,36,45,23,29,52,33,49,63,55
1208,31,36,54,25,33,55,31,45,62,52
1209,32,41,45,26,31,53,32,44,54,53
1210,27,35,55,23,35,54,33,47,62,54
1211,34,34,54,18,33,61,37,40,58,51
1212,35,39,55,25,31,51,32,41,58,45
1213,30,36,49,22,34,53,33,40,61,47
1214,30,36,52,25,31,54,35,48,58,46
1215,32,39,50,24,27,54,33,45,61,51
1216,28,40,51,27,30,51,35,42,53,47
1217,24,35,49,22,30,53,36,46,65,46
1218,27,38,47,23,30,57,33,50,52,49
1219,26,37,49,22,31,52,31,42,62,50
1220,28,31,52,26,30,51,39,42,62,41
1221,25,35,48,26,31,49,35,42,63,48
1222,21,33,52,24,31,52,33,48,61,48
1223,28,30,49,21,31,52,31,47,66,48
1224,33,35,51,21,28,51,37,49,61,47
1225,30,35,50,23,27,50,30,50,59,52
1226,27,36,46,21,34,53,35,49,59,45
1227,26,38,44,19,29,54,37,52,65,48
1228,29,38,49,27,29,51,32,47,58,45
1229,30,38,52,21,30,61,29,49,53,43
1230,35,38,45,24,29,60,31,50,54,53
1231,25,34,51,24,27,66,34,54,51,46
1232,26,35,53,24,34,60,31,47,58,51
1233,29,33,51,24,30,63,34,49,55,51
1234,33,39,48,21,32,58,30,47,61,48
1235,30,33,51,20,37,50,33,45,56,45
1236,29,32,51,26,30,52,34,50,63,42
1237,36,35,49,22,27,54,34,48,57,43
1238,30,37,47,23,30,51,36,50,57,45
1239,33,40,47,24,26,49,38,60,63,45
1240,32,35,52,20,27,55,33,43,54,43
1241,34,39,47,26,32,62,36,52,56,50
1242,31,36,45,27,31,58,33,53,51,54
1243,37,35,47,26,32,54,36,54,50,47
1244,28,35,45,24,28,58,37,53,51,52
1245,29,37,48,26,36,54,38,54,50,52
1246,31,37,48,27,31,52,34,49,53,47
1247,27,35,50,25,33,48,39,49,48,49
1248,23,37,48,28,28,48,35,49,53,46
1249,32,37,56,23,32,51,37,50,49,50
1250,33,35,52,23,29,51,35,50,54,49
1251,29,33,54,28,26,56,36,49,48,43
1252,27,38,47,27,31,54,30,50,50,44
1253,35,31,53,24,30,51,30,53,50,47
1254,27,35,46,20,32,55,41,53,48,46
1255,30,35,50,25,35,61,27,47,54,51
1256,31,37,52,23,30,58,36,43,51,50
1257,32,35,49,23,33,58,37,48,51,50
1258,33,32,49,25,38,54,32,46,48,50
1259,28,37,50,21,33,58,33,49,51,51
1260,20,35,47,21,33,57,32,49,60,48
1261,24,35,49,22,36,55,35,54,54,49
1262,24,31,49,26,35,52,35,55,52,40
1263,23,37,54,25,28,56,34,51,54,49
1264,32,32,54,29,28,61,38,47,47,52
1265,28,40,49,22,33,64,39,51,53,51
1266,27,33,51,24,36,62,31,45,50,50
1267,33,34,51,26,34,60,33,49,59,48
1268,32,35,53,24,31,50,34,49,53,53
1269,29,35,48,23,35,53,38,49,53,44
1270,25,36,50,27,39,53,31,46,53,51
1271,27,31,49,24,34,51,35,46,56,50
1272,28,33,53,24,32,52,38,48,53,47
1273,27,30,53,26,32,50,35,57,50,45
1274,24,32,49,27,28,53,35,49,48,52
1275,26,34,51,32,32,57,36,46,55,45
1276,31,31,57,20,36,55,32,49,49,46
1277,26,32,50,29,33,50,37,55,52,43
1278,29,30,45,29,31,59,32,49,51,48
1279,24,35,53,26,32,57,40,46,50,47
1280,27,35,50,25,36,59,35,51,52,46
1281,24,31,51,26,35,52,32,55,51,48
1282,22,36,54,18,26,50,32,48,53,44
1283,24,32,52,24,31,56,31,47,53,52
1284,28,34,51,21,32,59,34,52,59,48
1285,26,34,54,21,37,56,37,47,59,52
1286,29,34,54,22,36,54,35,47,51,47
1287,28,32,53,24,31,54,42,45,56,41
1288,32,31,48,28,35,60,32,51,56,47
1289,34,31,57,26,30,58,35,50,59,45
1290,26,32,49,24,31,58,33,43,56,53
1291,27,34,50,23,29,56,41,44,62,50
1292,30,36,44,25,28,51,37,45,53,43
1293,21,33,51,31,32,56,35,49,58,47
1294,23,35,47,25,30,57,27,43,57,50
1295,30,28,45,27,29,54,40,45,58,49
1296,31,32,46,24,32,57,37,48,50,51
1297,24,29,48,25,31,65,35,46,55,46
1298,32,25,53,29,30,58,36,41,56,54
1299,33,27,47,30,27,62,37,47,57,50
1300,29,35,44,18,33,58,31,45,59,46
1301,30,35,43,28,30,56,36,47,58,48
1302,30,32,47,24,28,55,31,45,52,49
1303,29,33,52,23,26,53,34,47,53,51
1304,33,38,49,21,31,56,30,43,59,48
1305,29,36,50,27,32,53,34,52,56,48
1306,32,32,52,23,28,55,35,52,58,50
1307,26,33,49,24,31,62,36,43,57,51
1308,32,28,54,23,28,53,34,46,58,42
1309,33,30,45,20,27,57,35,50,61,48
1310,34,34,47,20,31,52,35,47,58,50
1311,35,33,46,23,35,60,35,50,59,50
1312,32,35,47,26,37,55,32,47,57,48
1313,28,30,47,26,37,57,34,44,58,45
1314,25,33,46,24,30,58,34,52,59,40
1315,31,31,51,27,36,58,31,50,60,49
1316,32,30,51,24,28,56,28,57,63,45
1317,34,28,42,27,33,61,33,47,61,45
1318,26,29,47,25,32,49,36,49,58,49
1319,23,25,44,21,31,61,36,49,60,48
1320,31,23,51,21,28,49,34,47,62,47
1321,34,25,49,25,36,63,31,38,54,49
1322,27,33,53,23,25,51,32,52,58,49
1323,34,30,48,24,33,63,33,44,50,50
1324,32,29,49,22,30,57,31,47,54,43
1325,35,30,43,22,33,54,28,43,50,38
1326,32,29,47,21,29,57,28,43,57,41
1327,28,25,48,21,33,49,31,44,52,49
1328,33,29,46,20,30,57,34,41,50,43
1329,34,33,45,24,32,50,31,42,52,45
1330,27,30,46,27,28,59,30,49,52,48
1331,35,28,53,22,28,49,35,47,52,47
1332,32,31,47,23,32,51,31,43,54,46
1333,33,30,49,21,34,52,33,43,54,54
1334,34,33,48,20,33,62,38,45,52,43
1335,35,29,46,23,28,54,34,49,56,49
1336,32,29,48,24,32,55,35,46,57,44
1337,31,25,47,22,33,51,30,47,51,49
1338,26,28,46,25,33,54,29,47,52,44
1339,34,30,47,22,31,60,30,45,58,48
1340,33,31,52,26,35,51,34,47,51,44
1341,29,29,46,24,36,57,33,44,46,46
1342,30,28,50,23,30,61,32,44,60,49
1343,35,26,48,25,31,63,31,51,61,50
1344,27,32,50,22,32,60,32,46,68,46
1345,27,30,46,21,37,55,34,43,60,44
1346,26,27,43,22,33,59,35,51,57,49
1347,32,28,52,18,28,58,37,39,59,49
1348,32,31,53,21,36,53,34,43,58,49
1349,27,29,48,25,28,60,33,45,61,51
1350,35,26,47,25,31,62,28,47,54,48
1351,28,25,46,25,30,58,30,49,60,51
1352,31,28,43,19,32,56,34,52,63,51
1353,37,30,53,26,36,52,30,47,58,46
1354,35,31,50,20,32,55,34,50,56,41
1355,28,33,49,21,34,62,32,46,62,46
1356,28,36,50,19,41,57,32,46,54,49
1357,36,30,49,27,40,53,38,45,65,47
1358,28,34,46,27,37,60,32,47,61,49
1359,28,36,48,28,30,51,28,45,51,48
1360,30,34,46,23,35,61,37,49,58,49
1361,23,28,48,24,33,56,32,44,60,48
1362,27,27,45,23,33,56,29,49,51,45
1363,26,29,49,19,37,58,28,47,60,50
1364,32,26,43,26,29,62,34,46,62,44
1365,27,28,46,29,34,56,32,43,55,47
1366,23,32,45,20,31,54,36,48,55,49
1367,21,27,50,27,31,61,30,54,59,45
1368,29,23,47,27,37,57,35,54,53,45
1369,27,34,56,23,32,53,33,50,52,50
1370,26,32,53,17,35,59,31,52,59,47
1371,29,27,46,23,32,55,30,43,63,52
1372,27,26,46,30,31,58,33,47,57,50
1373,33,25,55,27,31,53,30,50,50,44
1374,32,23,47,21,27,63,33,45,58,45
1375,29,27,45,23,31,58,34,56,56,53
1376,34,32,48,29,33,59,32,49,57,43
1377,36,35,40,22,29,56,32,48,63,49
1378,29,32,47,26,35,56,33,49,56,50
1379,31,34,49,27,35,66,30,53,53,44
1380,37,35,45,27,35,60,40,51,55,48
1381,32,34,45,26,36,47,37,50,57,46
1382,30,34,50,27,34,58,36,48,61,46
1383,28,39,52,27,32,61,40,52,65,47
1384,30,32,44,28,32,62,33,51,56,49
1385,32,33,47,26,31,55,32,47,59,46
1386,27,35,43,25,34,67,33,53,57,48
1387,30,38,45,26,37,64,34,46,53,42
1388,32,31,48,26,35,57,33,45,53,48
1389,37,38,55,24,33,60,35,51,57,43
1390,36,30,46,24,35,56,31,47,55,42
1391,37,36,49,21,32,55,38,49,58,51
1392,33,36,45,26,34,57,35,46,54,48
1393,35,34,48,26,36,60,33,48,53,46
1394,33,34,50,26,29,60,39,47,59,52
1395,31,25,52,27,31,54,31,44,57,45
1396,27,24,45,25,33,61,34,49,59,50
1397,28,33,45,27,32,55,33,51,57,50
1398,24,25,47,26,36,59,35,51,55,49
1399,34,28,49,28,31,58,36,49,55,45
1400,33,33,51,24,34,59,37,48,54,48
1401,27,28,49,25,28,51,28,49,60,50
1402,31,33,48,23,29,54,35,42,58,50
1403,34,32,48,25,27,51,36,52,58,48
1404,31,37,48,25,35,45,32,53,58,49
1405,33,40,47,28,32,52,34,47,55,47
1406,36,27,45,27,30,52,37,51,65,52
1407,29,40,46,26,32,55,34,52,56,53
1408,35,34,48,31,32,56,35,52,58,46
1409,32,33,50,25,31,57,34,48,63,42
1410,33,28,47,30,29,58,29,53,64,51
1411,29,27,52,24,31,64,36,46,64,43
1412,29,34,49,25,24,52,33,51,61,46
1413,28,34,48,29,29,60,31,48,56,43
1414,35,34,49,26,30,55,33,40,52,50
1415,30,37,46,29,31,57,34,46,49,51
1416,33,35,46,26,31,55,32,50,54,49
1417,31,29,51,23,29,59,29,46,56,54
1418,30,36,51,23,29,59,33,49,55,51
1419,31,31,48,20,34,60,34,46,53,50
1420,30,36,45,22,35,55,34,48,46,52
1421,30,33,47,20,31,57,32,54,56,50
1422,33,30,45,19,32,58,31,50,59,50
1423,32,34,48,22,31,67,34,50,49,45
1424,32,29,49,23,33,54,33,46,49,49
1425,37,35,50,26,31,63,32,44,57,47
1426,32,36,49,28,35,64,39,46,53,47
1427,32,31,45,27,29,62,34,49,50,52
1428,31,30,44,26,37,64,35,51,50,50
1429,33,38,46,23,31,62,39,54,56,48
1430,31,36,48,26,31,61,29,49,57,49
1431,31,34,47,27,30,62,32,51,55,50
1432,30,33,44,25,30,57,37,55,51,48
1433,29,34,48,24,32,59,34,48,52,51
1434,31,34,50,25,29,55,34,50,52,53
1435,29,35,52,31,31,59,37,49,53,48
1436,26,31,48,30,32,55,35,53,49,47
1437,32,33,41,25,26,55,38,44,57,49
1438,32,34,48,25,26,57,35,51,52,51
1439,34,30,41,27,27,57,36,52,57,43
1440,31,35,51,27,33,59,36,48,53,48
1441,31,32,52,25,32,57,37,51,58,50
1442,25,35,49,28,29,56,36,51,55,49
1443,27,38,50,28,32,56,37,51,53,48
1444,31,32,48,26,31,57,38,55,53,52
1445,30,33,49,28,30,59,40,49,46,45
1446,33,33,45,30,34,62,34,50,54,47
1447,31,36,47,31,31,55,37,51,60,49
1448,32,33,48,29,36,57,35,48,59,41
1449,27,29,45,27,35,52,36,53,54,46
1450,30,35,50,25,33,56,28,49,59,47
1451,29,36,42,29,37,61,38,52,54,42
1452,31,31,49,28,30,65,41,48,55,49
1453,26,30,46,29,32,57,35,51,56,51
1454,26,38,49,26,34,56,38,54,54,49
1455,27,38,50,27,32,56,31,52,50,45
1456,28,36,44,26,30,55,36,49,50,49
1457,31,31,46,25,32,58,31,51,52,56
1458,25,35,43,26,38,58,39,50,53,47
1459,30,31,46,29,29,52,39,47,50,45
1460,28,33,51,26,27,50,32,49,59,49
1461,29,35,51,24,31,59,32,50,54,47
1462,32,28,50,25,30,49,37,50,57,53
1463,29,32,49,22,26,54,35,44,52,45
1464,29,29,43,22,32,55,35,47,51,42
1465,26,36,51,26,31,53,37,47,55,48
1466,32,28,49,28,29,56,40,49,52,52
1467,31,34,55,23,30,52,36,47,54,46
1468,33,32,50,24,33,58,31,48,47,49
1469,31,39,47,21,29,55,34,54,45,46
1470,28,32,49,22,31,52,33,53,50,48
1471,22,34,50,24,32,56,39,50,49,46
1472,29,34,47,26,38,55,31,51,48,46
1473,29,34,48,22,34,52,35,53,51,43
1474,24,38,48,24,33,59,36,51,48,47
1475,34,38,50,23,37,56,35,53,56,44
1476,26,34,46,27,37,57,36,52,53,47
1477,30,33,50,25,36,58,37,53,54,50
1478,28,36,47,24,37,52,44,49,55,53
1479,28,30,49,24,31,55,36,52,54,52
1480,32,36,53,27,30,49,38,53,48,45
1481,25,40,43,28,31,56,40,45,59,53
1482,29,33,47,21,30,52,35,54,57,49
1483,30,35,50,24,32,57,37,50,55,41
1484,32,35,47,26,35,51,35,54,54,49
1485,31,39,52,28,32,50,32,48,58,49
1486,34,34,46,26,40,52,40,56,54,45
1487,32,36,45,21,34,50,36,52,52,38
1488,33,33,45,26,32,58,41,55,60,53
1489,26,34,49,25,30,60,32,49,60,48
1490,32,33,47,26,35,53,36,49,61,52
1491,26,39,49,28,29,53,33,50,54,42
1492,31,37,51,23,31,59,33,49,56,43
1493,34,31,47,25,36,56,37,45,60,45
1494,30,36,51,29,34,59,35,52,53,48
1495,29,33,50,27,30,56,38,53,61,52
1496,31,34,50,24,30,51,40,47,53,44
1497,31,32,48,25,33,57,35,47,57,47
1498,30,38,49,25,33,56,38,51,53,50
1499,34,34,53,22,30,60,35,51,61,45
