FRAMES,3,4,5,6,7,8,9,10
0,10,4,7,10,5,8,5,8
1,6,3,7,7,10,9,8,5
2,8,3,6,10,5,6,7,9
3,8,1,5,12,5,8,5,6
4,8,2,7,7,5,6,10,6
5,9,4,4,9,6,9,9,10
6,10,2,10,10,4,10,13,9
7,14,3,7,9,6,9,15,10
8,7,4,7,13,4,7,9,9
9,11,6,6,8,5,10,6,6
10,7,7,8,9,6,6,8,8
11,12,4,8,9,6,10,13,8
12,11,5,11,10,4,9,14,11
13,13,5,5,7,7,7,12,8
14,12,5,6,10,3,10,13,10
15,9,3,9,14,7,12,13,7
16,9,6,6,12,7,11,5,8
17,9,5,5,14,6,11,8,6
18,8,4,8,8,7,11,8,12
19,5,6,7,14,4,10,7,9
20,10,8,6,10,8,13,8,10
21,8,5,6,8,7,7,12,11
22,10,7,10,9,8,10,12,8
23,11,3,8,11,6,13,15,8
24,8,5,9,12,7,8,7,12
25,10,2,8,9,6,14,8,11
26,10,4,7,11,9,11,10,9
27,10,3,6,12,8,13,10,8
28,12,5,5,11,4,7,8,11
29,8,5,7,12,4,11,14,8
30,12,6,5,12,9,12,11,8
31,6,6,6,9,6,12,6,7
32,11,4,6,10,8,13,9,7
33,8,3,7,12,8,9,13,7
34,11,6,9,8,8,7,10,3
35,11,2,7,10,9,11,14,7
36,13,6,4,12,8,13,12,6
37,10,5,7,13,8,12,10,8
38,8,2,8,10,7,14,10,6
39,14,6,11,11,5,14,10,11
40,14,5,7,12,4,14,12,9
41,12,4,5,15,11,18,10,8
42,12,3,4,18,7,13,9,7
43,12,4,7,13,6,7,10,5
44,12,6,7,9,7,8,8,3
45,8,2,10,15,7,14,10,10
46,7,5,8,12,4,15,12,10
47,10,1,5,10,11,9,12,11
48,6,5,8,14,9,9,11,7
49,9,6,4,10,10,11,8,11
50,8,6,6,12,5,10,16,8
51,6,7,7,10,8,11,9,11
52,9,7,6,11,12,13,12,7
53,5,2,6,15,7,12,8,10
54,7,6,10,13,7,10,13,8
55,9,5,7,12,7,8,10,8
56,11,5,6,13,6,9,10,11
57,9,4,8,10,7,8,10,10
58,10,7,8,5,5,9,6,9
59,9,7,5,14,7,10,12,10
60,13,3,7,10,8,7,12,8
61,11,4,11,12,9,8,11,5
62,16,7,7,11,9,8,10,5
63,9,5,6,11,8,7,13,12
64,7,4,5,13,9,10,11,11
65,7,2,7,10,7,11,6,10
66,6,6,3,15,10,7,6,6
67,13,6,5,14,7,9,8,10
68,13,5,4,10,6,11,7,11
69,8,5,6,13,9,11,5,10
70,12,3,7,10,5,10,11,10
71,9,4,7,11,6,9,11,9
72,13,3,7,13,5,11,8,9
73,12,4,10,8,8,9,10,7
74,7,3,7,12,5,12,8,9
75,6,6,5,9,8,10,9,8
76,8,5,6,10,6,11,10,8
77,12,7,3,11,8,10,8,6
78,14,5,7,16,7,8,9,7
79,13,6,6,12,10,14,13,4
80,7,2,7,13,4,9,7,13
81,11,4,6,10,7,13,10,6
82,9,4,5,10,7,13,15,12
83,9,6,9,15,8,11,12,10
84,11,6,11,9,6,5,9,8
85,9,5,8,12,9,9,12,8
86,7,8,6,13,8,12,10,7
87,8,9,3,15,5,14,11,6
88,7,4,5,7,11,9,12,8
89,11,5,6,12,7,10,11,10
90,9,7,7,11,8,11,15,10
91,9,7,8,15,8,9,13,6
92,8,6,10,10,10,7,10,5
93,10,6,10,11,7,9,11,6
94,11,5,9,8,7,10,13,12
95,6,5,7,17,8,5,7,9
96,6,7,7,8,8,7,9,8
97,11,4,6,11,8,9,7,4
98,7,10,8,12,7,8,10,8
99,8,4,5,11,6,9,8,8
100,12,7,5,15,10,12,8,8
101,10,8,8,12,8,8,11,6
102,11,3,5,11,8,13,10,10
103,12,5,7,6,12,11,8,8
104,13,3,9,8,10,6,12,9
105,7,5,6,15,6,11,10,6
106,13,5,7,10,8,11,8,13
107,8,4,6,12,8,9,10,6
108,10,4,5,13,11,6,10,8
109,10,4,9,13,8,9,9,9
110,15,5,9,12,9,9,12,7
111,10,2,5,7,10,8,16,10
112,10,8,8,8,6,12,10,8
113,7,5,4,8,9,9,11,8
114,11,5,6,11,9,10,7,7
115,9,5,8,11,10,5,4,8
116,8,6,7,12,7,12,10,11
117,11,4,5,17,6,14,8,7
118,9,7,11,11,4,9,8,7
119,9,6,7,11,3,10,10,5
120,11,9,11,8,5,9,7,5
121,10,6,10,11,7,11,9,7
122,11,8,7,9,8,12,10,6
123,15,6,7,11,6,14,8,11
124,9,5,9,15,3,10,10,7
125,8,6,10,12,5,11,7,7
126,10,4,5,12,6,14,3,10
127,11,7,6,10,9,10,6,14
128,8,2,6,12,7,11,13,7
129,11,3,8,9,9,10,12,11
130,10,6,10,14,5,8,8,7
131,10,4,9,5,5,11,7,12
132,10,7,4,13,10,12,7,9
133,9,3,7,13,8,9,9,6
134,12,3,5,12,6,8,5,7
135,7,3,8,7,7,11,6,9
136,12,3,10,15,5,14,6,11
137,11,4,5,15,6,9,11,6
138,12,5,8,15,7,10,9,7
139,5,4,6,11,6,9,10,10
140,14,7,7,15,5,9,9,6
141,9,8,6,13,9,6,11,5
142,10,1,6,11,5,9,10,9
143,11,4,10,13,4,11,6,11
144,12,3,8,10,13,7,9,12
145,10,5,6,9,4,11,8,11
146,9,5,8,13,9,11,12,9
147,10,5,12,14,11,9,9,12
148,6,3,9,12,7,7,11,10
149,8,6,10,11,5,9,9,9
150,6,6,9,11,7,12,8,9
151,12,7,7,9,6,8,11,11
152,10,7,9,14,3,11,6,11
153,10,7,9,13,5,10,12,10
154,9,4,9,14,7,11,8,10
155,8,7,4,8,6,10,10,14
156,10,7,10,12,6,10,12,8
157,10,6,9,10,9,10,11,8
158,10,2,9,14,6,13,10,13
159,9,4,5,9,3,12,12,13
160,5,4,6,10,6,14,7,8
161,12,5,8,13,8,14,10,13
162,13,6,8,15,9,10,14,8
163,11,6,9,14,7,9,10,11
164,10,8,13,9,4,9,8,11
165,9,5,6,12,9,11,5,11
166,9,6,9,15,9,11,9,6
167,5,8,8,11,8,9,8,8
168,6,5,10,14,7,12,11,7
169,10,6,9,5,9,11,6,8
170,9,6,5,13,8,8,9,9
171,9,5,8,12,10,12,6,10
172,9,4,7,12,10,7,6,7
173,9,6,8,8,7,9,9,8
174,13,4,8,11,9,10,11,12
175,10,4,7,12,6,11,10,7
176,11,8,8,8,11,8,12,5
177,7,7,6,15,6,8,10,9
178,6,5,7,13,8,9,9,7
179,8,7,7,12,11,10,10,10
180,10,7,9,15,8,9,8,8
181,8,9,4,12,7,9,10,7
182,7,8,7,11,9,10,12,12
183,14,3,7,9,7,11,10,9
184,5,8,10,10,7,11,12,6
185,8,7,5,9,11,12,8,6
186,7,6,11,12,9,10,12,9
187,6,5,5,10,10,13,13,10
188,12,7,8,12,10,9,14,7
189,6,4,9,14,10,10,12,8
190,10,5,9,14,9,11,10,9
191,9,5,10,15,8,9,12,9
192,9,6,6,12,7,8,6,7
193,12,5,6,10,10,8,11,10
194,12,6,7,8,7,9,11,10
195,5,9,6,14,10,7,11,7
196,10,3,7,15,12,8,10,5
197,14,3,8,13,13,12,10,6
198,7,6,12,11,8,9,12,7
199,11,3,8,8,9,9,7,7
200,10,3,5,11,11,8,7,10
201,8,3,6,14,8,9,14,12
202,9,7,6,9,7,9,11,9
203,10,10,6,9,9,12,9,17
204,12,7,6,5,10,12,5,12
205,8,3,8,12,7,11,10,10
206,10,3,6,11,6,6,11,7
207,8,3,5,7,8,7,11,8
208,12,6,6,13,9,11,9,8
209,9,5,7,6,10,10,10,12
210,10,2,10,14,6,10,7,9
211,11,7,7,14,6,11,8,9
212,12,4,7,11,10,7,12,10
213,5,4,5,15,7,14,7,11
214,7,6,9,9,11,9,10,8
215,11,6,8,8,5,9,8,9
216,10,3,6,14,10,7,9,10
217,11,5,7,13,5,11,13,11
218,7,7,9,13,6,14,10,6
219,13,4,7,9,10,8,8,10
220,7,8,6,12,8,11,10,10
221,11,3,9,12,7,9,10,12
222,11,7,8,14,8,9,8,8
223,12,3,8,11,9,13,9,12
224,11,6,7,13,7,7,6,9
225,6,5,7,9,9,8,11,11
226,10,5,7,12,4,12,8,13
227,7,6,8,12,8,9,10,7
228,12,4,3,15,9,9,10,7
229,5,3,7,14,6,8,6,9
230,7,4,8,12,6,15,11,6
231,10,7,11,10,7,11,8,10
232,14,5,11,9,6,10,8,10
233,10,7,6,10,12,10,11,11
234,7,8,5,12,8,11,6,7
235,8,7,5,10,9,11,11,11
236,10,5,5,17,6,6,8,9
237,10,2,6,9,7,10,5,9
238,12,4,8,10,9,7,11,6
239,12,6,5,14,8,13,10,8
240,6,4,7,16,10,6,6,12
241,8,5,5,17,9,9,6,7
242,9,7,7,11,8,9,13,10
243,9,7,6,16,11,9,10,8
244,12,6,8,13,9,10,7,9
245,9,5,8,16,6,10,9,8
246,11,7,7,16,12,8,11,11
247,7,6,8,11,10,11,11,7
248,8,5,8,9,5,10,14,11
249,9,5,7,11,7,12,8,7
250,7,10,8,13,6,8,9,7
251,10,10,6,11,8,15,9,11
252,10,9,8,10,8,10,11,5
253,9,5,6,17,12,17,9,7
254,8,9,6,12,7,11,9,7
255,10,5,6,11,8,12,7,8
256,9,3,9,12,6,11,8,8
257,10,8,3,10,6,9,9,4
258,10,3,9,13,11,9,11,9
259,8,5,4,11,7,11,11,7
260,10,4,9,15,8,10,12,11
261,10,4,6,11,5,11,10,9
262,10,4,7,10,4,7,11,6
263,5,4,10,15,6,16,10,6
264,8,9,9,10,9,11,9,7
265,13,9,8,13,4,7,9,7
266,9,8,9,12,8,9,15,12
267,8,4,8,8,9,8,12,7
268,9,7,7,9,7,10,8,11
269,14,8,5,14,6,10,16,10
270,14,5,5,14,6,11,14,9
271,7,8,7,13,10,10,17,12
272,6,8,5,13,12,9,9,10
273,8,5,6,12,7,12,8,12
274,10,10,7,11,10,9,11,11
275,8,6,7,13,8,8,11,9
276,9,8,8,8,9,10,14,8
277,9,5,9,15,7,8,16,7
278,8,3,7,14,7,7,8,11
279,13,7,5,10,8,10,11,8
280,6,6,7,8,7,10,9,13
281,15,4,10,12,7,8,13,6
282,7,9,3,11,11,12,10,9
283,9,4,7,15,7,9,9,10
284,8,7,8,13,7,7,12,10
285,11,4,8,12,5,9,12,14
286,8,5,9,12,6,8,11,9
287,6,6,5,10,7,11,9,11
288,10,6,6,12,7,13,14,11
289,7,10,7,12,10,12,13,6
290,7,6,7,10,8,12,13,6
291,7,10,9,10,7,9,12,8
292,13,3,7,13,4,14,9,9
293,8,5,10,8,8,9,14,7
294,10,4,6,12,9,9,9,8
295,8,9,6,14,9,9,9,7
296,11,7,9,13,9,10,9,11
297,8,5,7,9,9,6,16,6
298,10,4,7,14,6,13,11,7
299,10,3,5,12,7,10,14,10
300,11,3,6,12,8,13,8,6
301,10,7,5,10,7,8,15,7
302,10,5,5,10,7,9,6,9
303,14,3,8,13,2,12,11,9
304,9,4,5,15,8,7,14,10
305,10,7,6,11,6,10,11,8
306,8,7,9,16,6,12,13,8
307,11,5,10,10,5,7,11,13
308,11,4,5,15,12,8,14,4
309,9,5,7,11,9,10,11,9
310,9,6,5,8,6,6,13,6
311,9,5,8,17,4,11,11,6
312,10,5,6,11,4,12,10,8
313,10,5,7,13,11,10,12,4
314,13,4,6,14,9,11,5,8
315,12,5,6,14,8,9,7,15
316,10,4,7,16,7,9,10,16
317,12,6,5,12,6,10,13,8
318,10,5,10,12,5,10,8,8
319,9,3,10,11,5,9,9,12
320,12,3,8,10,9,10,6,11
321,7,5,4,13,5,14,9,5
322,8,5,10,6,7,12,7,6
323,7,5,6,11,4,15,10,5
324,8,4,9,13,7,11,5,7
325,11,2,9,15,10,11,10,7
326,5,6,7,9,11,5,8,8
327,7,7,7,13,4,11,8,8
328,6,6,7,12,7,10,8,9
329,9,6,6,11,11,12,9,10
330,12,5,7,11,7,12,4,8
331,7,7,7,9,9,13,6,8
332,12,5,8,12,7,10,8,9
333,8,6,7,11,9,10,7,9
334,7,5,7,10,9,7,7,8
335,11,4,10,17,4,10,10,9
336,9,5,7,13,6,11,11,9
337,9,4,6,12,6,8,7,7
338,7,6,6,11,7,10,8,9
339,10,9,5,10,9,9,12,8
340,12,3,6,11,9,12,10,6
341,9,7,6,11,6,8,7,5
342,9,6,7,8,4,11,5,6
343,18,3,9,12,8,10,2,10
344,12,5,6,9,6,11,8,7
345,14,5,7,14,9,14,5,8
346,10,3,9,15,6,12,7,4
347,12,1,6,11,9,13,10,6
348,10,3,7,12,8,7,11,9
349,7,3,6,10,4,11,10,8
350,7,4,7,9,9,11,9,8
351,6,4,7,7,10,9,12,11
352,9,4,6,9,6,11,7,10
353,9,5,6,11,7,9,11,8
354,8,7,5,14,7,10,7,10
355,9,6,6,15,7,12,15,7
356,10,5,9,10,10,9,7,8
357,11,6,7,14,11,12,9,7
358,8,6,9,13,8,13,8,8
359,11,10,6,16,5,10,14,5
360,11,9,6,16,7,7,7,8
361,12,6,8,6,5,9,10,7
362,11,6,5,12,5,10,9,6
363,6,8,6,13,5,12,9,6
364,9,8,7,10,7,7,9,10
365,8,8,8,14,7,12,4,12
366,8,5,5,14,7,9,4,7
367,9,6,9,13,8,9,8,4
368,9,7,7,12,10,10,6,13
369,9,5,8,15,11,10,7,11
370,9,6,7,8,7,7,11,8
371,9,5,7,16,10,8,8,13
372,9,4,6,15,7,9,8,5
373,11,3,9,11,8,10,12,11
374,10,5,5,12,7,10,10,9
375,11,6,9,12,6,5,11,8
376,10,5,7,10,7,15,7,10
377,11,5,6,13,3,7,10,10
378,10,5,9,12,7,9,11,6
379,14,5,7,15,6,8,8,11
380,12,4,9,18,5,10,10,9
381,11,6,5,14,5,12,10,8
382,11,7,6,10,4,15,14,10
383,9,4,7,12,5,10,10,7
384,14,8,9,9,5,12,10,8
385,13,6,7,10,7,13,9,10
386,11,3,6,13,6,9,11,8
387,11,3,7,11,6,10,8,6
388,12,7,8,12,8,12,7,9
389,11,7,5,11,8,12,8,10
390,9,9,7,15,9,8,10,12
391,7,5,7,11,8,8,11,10
392,12,6,7,12,6,8,10,9
393,10,4,3,8,7,7,7,6
394,6,8,8,15,8,10,5,14
395,13,6,6,11,8,13,9,13
396,9,7,9,14,7,14,8,7
397,8,5,4,16,9,8,9,8
398,12,7,8,11,5,10,8,6
399,8,7,8,10,10,10,3,10
400,12,7,9,13,7,8,10,10
401,10,7,6,13,7,9,4,8
402,8,6,6,13,6,9,9,4
403,10,6,7,9,8,6,7,8
404,9,3,6,15,3,8,10,7
405,11,4,10,10,6,13,10,10
406,11,7,7,12,11,9,10,12
407,11,6,3,9,8,9,8,8
408,8,4,5,8,9,11,14,10
409,13,8,8,11,5,12,9,7
410,11,8,7,9,13,10,10,12
411,9,5,7,10,6,11,6,10
412,11,6,8,11,7,9,11,9
413,9,5,6,11,9,14,7,9
414,9,7,6,11,6,9,12,12
415,10,4,3,10,8,11,6,7
416,11,8,7,10,8,11,8,11
417,12,6,7,10,6,10,12,9
418,8,4,8,13,9,12,7,8
419,13,4,6,12,9,15,6,6
420,9,9,6,12,10,10,8,5
421,6,9,5,14,3,8,10,6
422,11,10,6,12,5,7,10,10
423,11,3,7,13,7,11,8,9
424,9,6,7,11,8,7,6,12
425,8,5,6,9,6,10,6,13
426,9,8,8,12,7,10,8,8
427,8,6,5,11,8,10,11,11
428,6,2,5,12,7,7,10,8
429,13,4,9,19,9,8,12,8
430,8,7,5,12,6,14,8,10
431,11,9,7,18,6,9,12,11
432,13,7,7,13,6,9,15,7
433,10,5,6,11,9,12,10,12
434,8,5,8,12,7,7,9,9
435,10,4,7,11,10,11,7,11
436,9,9,7,11,9,8,7,9
437,11,7,8,13,6,10,9,9
438,8,7,6,11,7,10,8,8
439,10,9,7,12,6,10,9,13
440,8,8,6,12,7,14,7,11
441,11,5,6,10,4,10,11,8
442,11,8,5,13,6,11,11,8
443,11,7,2,12,6,9,9,9
444,10,7,3,10,8,7,10,8
445,12,7,9,8,7,12,13,9
446,9,5,4,7,8,7,14,9
447,8,8,6,13,6,12,9,9
448,10,8,4,11,7,13,10,11
449,13,6,4,7,8,11,5,12
450,9,7,4,10,9,12,6,7
451,9,4,6,13,5,10,13,7
452,11,7,11,11,7,9,9,8
453,8,5,9,11,6,11,9,9
454,11,6,7,12,7,10,5,7
455,11,7,9,13,8,8,11,6
456,7,6,7,11,5,9,10,9
457,14,4,4,14,7,8,10,7
458,9,6,6,13,6,8,11,8
459,10,5,10,12,7,10,8,7
460,9,5,6,10,5,12,11,14
461,13,5,8,14,6,11,6,7
462,9,6,6,10,5,12,11,5
463,9,5,6,13,9,13,8,10
464,10,5,9,11,9,13,13,3
465,11,7,8,10,4,13,15,8
466,10,6,8,11,8,7,11,11
467,10,3,6,8,8,12,11,16
468,7,5,7,12,7,11,5,8
469,9,6,6,11,7,8,16,9
470,8,5,6,13,5,12,12,9
471,6,5,4,10,6,8,9,12
472,10,7,7,12,6,10,11,8
473,11,6,8,13,8,14,6,12
474,8,6,7,13,6,11,10,15
475,9,8,4,9,5,11,8,7
476,7,7,8,13,9,8,8,13
477,6,10,6,15,8,10,11,10
478,13,5,6,10,5,8,11,8
479,8,6,7,11,7,12,10,9
480,6,4,7,13,8,7,12,5
481,8,8,5,12,6,6,10,13
482,8,5,5,11,5,9,9,11
483,6,7,5,17,8,9,12,7
484,7,6,8,19,7,9,12,10
485,10,5,7,17,9,10,11,8
486,7,7,7,10,10,9,12,8
487,8,7,5,13,7,9,12,8
488,13,6,5,7,6,9,11,8
489,12,3,7,14,5,4,7,12
490,12,6,7,11,6,4,9,6
491,8,6,7,12,8,9,11,4
492,9,5,7,11,8,11,8,8
493,10,6,8,6,7,11,7,8
494,12,6,4,10,8,8,9,9
495,15,7,6,10,7,10,8,8
496,12,6,10,10,8,11,6,10
497,10,5,9,13,7,11,7,10
498,8,3,5,6,10,10,10,6
499,10,7,3,12,7,7,8,9
500,14,7,6,7,4,7,10,7
501,10,4,6,11,8,8,10,5
502,11,9,6,9,8,14,13,5
503,10,5,8,13,9,7,7,8
504,5,6,6,11,9,12,10,8
505,13,6,6,10,8,13,13,12
506,13,9,10,14,8,9,13,9
507,10,8,5,9,5,9,11,8
508,10,3,7,17,9,12,8,8
509,10,8,7,10,6,7,14,7
510,5,4,10,17,8,10,7,4
511,7,8,5,12,6,13,6,8
512,12,6,10,10,5,8,6,8
513,11,6,3,11,7,10,10,11
514,9,5,7,12,6,8,5,6
515,12,7,10,13,8,14,10,10
516,10,4,6,12,4,12,6,8
517,11,5,5,11,6,12,8,12
518,12,8,5,12,6,9,10,7
519,9,5,8,9,9,12,7,8
520,11,5,13,17,7,8,10,8
521,9,3,8,13,8,10,12,9
522,9,5,6,14,7,8,9,10
523,7,5,8,12,11,5,12,11
524,12,4,8,13,5,6,7,10
525,7,5,7,12,7,8,9,8
526,12,4,4,10,8,14,8,11
527,15,5,7,8,9,9,10,7
528,9,5,4,18,6,12,9,7
529,13,8,4,15,6,7,11,9
530,13,4,8,11,9,10,9,6
531,10,6,4,12,8,8,9,9
532,9,4,8,13,4,10,8,5
533,12,3,10,12,8,10,12,6
534,10,9,9,13,6,13,8,5
535,7,4,6,13,6,9,12,9
536,11,5,9,14,7,10,8,12
537,10,5,7,13,5,10,8,10
538,12,8,10,12,7,8,11,8
539,11,6,7,14,3,9,6,8
540,7,4,8,13,5,12,5,9
541,9,5,9,14,6,7,8,7
542,11,6,9,9,5,11,12,7
543,9,5,9,14,6,10,5,10
544,8,5,5,15,6,13,6,6
545,7,3,6,10,8,9,11,10
546,11,10,9,14,6,8,15,13
547,9,6,8,10,9,12,7,8
548,12,4,9,12,6,8,6,9
549,10,4,11,10,7,6,11,7
550,10,5,9,13,7,9,10,6
551,8,6,5,8,8,9,3,8
552,13,5,6,12,10,12,10,8
553,8,6,9,16,6,8,8,8
554,11,7,8,12,6,4,13,6
555,11,7,7,13,6,9,11,9
556,11,2,9,12,10,12,12,6
557,8,5,8,8,6,8,10,9
558,8,4,4,5,7,10,9,8
559,8,7,11,9,6,7,9,6
560,8,5,6,11,6,6,6,9
561,8,5,6,9,5,7,11,4
562,10,4,6,13,8,10,11,9
563,10,6,7,11,8,8,7,7
564,11,5,8,10,4,12,13,9
565,8,6,7,13,5,8,8,7
566,9,5,8,10,8,9,7,7
567,10,4,7,12,6,10,9,10
568,8,5,5,8,10,11,8,6
569,9,7,4,9,8,8,6,8
570,12,6,6,11,8,9,12,7
571,9,5,9,15,6,4,11,9
572,10,8,5,15,5,8,10,8
573,15,7,7,9,8,13,9,8
574,9,6,7,13,4,12,14,11
575,12,3,8,10,10,11,8,11
576,6,5,8,12,4,8,13,6
577,11,6,6,14,4,13,8,7
578,12,5,8,12,9,9,9,10
579,12,7,10,12,5,10,16,12
580,14,9,8,14,10,11,12,10
581,13,7,5,11,1,8,11,7
582,14,4,7,10,6,9,6,7
583,8,9,7,14,6,8,11,7
584,7,7,8,11,4,9,7,8
585,6,6,6,10,6,8,11,7
586,12,8,8,13,4,10,8,10
587,6,5,4,12,4,13,5,8
588,8,6,8,13,9,12,8,10
589,7,7,6,16,6,8,14,7
590,14,3,8,12,8,7,7,9
591,11,8,3,13,8,13,9,12
592,12,4,7,12,6,7,11,7
593,11,7,9,8,6,6,7,13
594,8,7,4,8,3,12,8,13
595,7,4,6,10,10,6,12,9
596,11,5,5,12,6,8,8,9
597,11,5,6,6,6,9,10,9
598,9,4,7,12,7,11,6,10
599,11,6,4,15,7,8,9,11
600,10,5,8,14,11,9,11,8
601,9,5,5,13,6,11,6,9
602,7,6,5,14,6,7,5,7
603,9,8,7,12,6,11,9,9
604,9,3,8,15,7,10,5,10
605,14,9,5,14,9,8,8,8
606,9,8,7,11,4,12,5,5
607,13,6,4,10,6,6,10,8
608,13,3,7,11,10,10,6,6
609,9,6,9,13,7,7,10,5
610,14,4,6,10,9,12,7,11
611,9,6,6,14,7,5,12,8
612,12,6,5,10,9,5,11,10
613,8,6,7,12,9,9,10,11
614,11,8,8,12,4,9,7,12
615,12,5,8,17,7,9,8,11
616,10,5,6,14,6,9,7,6
617,9,8,7,7,2,10,11,9
618,12,4,7,14,7,9,8,9
619,9,6,5,12,4,7,10,7
620,8,8,8,16,8,9,6,5
621,9,5,6,17,4,7,9,10
622,7,6,10,13,5,11,6,8
623,10,4,7,12,10,9,12,12
624,11,7,6,11,7,11,12,11
625,9,10,8,12,8,12,7,8
626,15,8,8,13,6,12,11,6
627,8,5,8,12,4,7,10,11
628,12,6,9,11,6,7,8,12
629,12,5,8,14,6,9,12,8
630,6,4,6,9,10,13,11,6
631,9,10,7,9,8,11,9,13
632,7,6,7,11,5,13,7,9
633,4,10,7,13,8,11,10,11
634,13,4,10,7,4,8,14,5
635,10,6,5,14,7,14,9,8
636,9,8,7,12,5,12,10,9
637,10,7,6,14,5,10,15,9
638,7,9,9,13,8,9,8,11
639,11,7,6,9,6,9,10,6
640,9,5,5,9,7,11,13,7
641,9,5,6,11,8,11,10,7
642,10,7,7,13,6,13,10,4
643,11,7,4,13,5,9,13,10
644,8,4,6,11,7,11,10,11
645,12,7,8,13,9,13,9,5
646,8,7,6,16,7,12,9,7
647,12,3,5,9,9,11,12,11
648,7,7,6,9,7,9,9,8
649,10,6,12,8,9,11,7,10
650,9,6,7,10,7,11,8,12
651,11,10,7,14,7,14,8,11
652,7,7,6,13,7,8,13,7
653,7,6,11,7,7,10,7,4
654,8,8,3,13,7,8,8,9
655,12,7,7,12,6,11,9,7
656,12,7,9,12,9,9,11,9
657,12,8,5,13,6,11,12,10
658,8,4,6,13,5,10,8,10
659,11,7,10,12,4,12,11,10
660,3,6,8,13,7,10,9,9
661,11,3,7,10,3,9,9,11
662,8,4,5,8,5,14,6,13
663,10,7,5,10,6,12,6,11
664,12,5,5,17,6,10,7,8
665,11,4,8,14,5,11,10,10
666,14,5,3,10,3,11,9,10
667,11,4,4,18,4,14,7,11
668,10,4,8,13,6,10,9,6
669,8,7,7,14,10,10,6,9
670,10,8,7,12,9,12,11,10
671,12,3,6,15,6,8,8,8
672,13,5,7,14,6,9,8,3
673,12,4,4,7,7,10,8,11
674,14,4,9,11,7,14,9,7
675,10,6,5,13,6,10,9,9
676,10,6,8,9,2,6,9,6
677,14,7,7,9,3,12,7,8
678,9,9,6,8,8,7,6,11
679,10,2,7,13,7,13,10,9
680,9,7,5,13,7,8,10,12
681,8,5,9,9,6,12,10,11
682,8,4,5,10,8,14,10,10
683,8,5,4,12,9,12,9,11
684,9,5,6,13,8,11,10,10
685,13,6,9,18,8,10,5,8
686,6,4,5,11,4,11,8,12
687,9,8,5,11,7,10,7,10
688,9,6,8,13,7,9,7,10
689,7,5,9,8,6,11,6,5
690,9,5,6,12,8,8,2,11
691,9,6,7,10,5,13,8,11
692,8,4,7,13,5,7,4,9
693,10,5,7,12,6,5,5,8
694,6,9,6,9,6,8,6,6
695,9,3,8,12,9,8,9,7
696,10,7,6,14,9,9,11,10
697,9,6,6,14,7,8,10,10
698,9,5,9,14,8,8,9,9
699,8,8,6,13,7,10,8,12
700,10,7,6,10,9,8,11,10
701,11,7,6,10,7,12,11,6
702,7,8,4,9,9,11,10,9
703,10,5,8,11,6,10,10,9
704,10,6,4,10,5,12,11,6
705,11,3,8,14,4,6,11,8
706,12,5,6,12,4,10,8,7
707,8,4,11,12,10,9,7,14
708,11,7,6,8,8,9,9,8
709,6,5,6,11,8,7,8,10
710,11,6,9,14,9,6,8,14
711,11,5,10,13,6,8,9,8
712,6,5,6,14,8,11,8,8
713,8,5,4,14,5,9,11,8
714,14,8,6,9,8,9,12,7
715,12,3,9,14,9,11,10,10
716,6,6,6,11,7,10,13,11
717,9,7,7,15,8,12,9,9
718,9,3,5,10,7,12,7,7
719,12,4,7,15,5,11,10,9
720,9,5,6,16,6,5,11,11
721,10,5,7,12,7,10,7,9
722,12,5,6,12,5,9,9,6
723,8,5,6,17,7,7,16,12
724,10,3,2,12,5,11,12,15
725,13,9,9,11,8,12,9,12
726,11,5,7,5,5,11,12,6
727,10,6,7,15,7,11,7,12
728,14,8,5,12,11,8,7,13
729,7,5,9,12,11,13,12,6
730,7,5,6,11,7,7,11,12
731,10,7,10,7,7,10,11,12
732,11,6,8,13,6,6,12,8
733,13,6,8,14,8,11,9,9
734,5,3,8,14,5,10,7,9
735,12,3,5,9,5,13,7,12
736,9,4,8,14,8,10,7,7
737,5,5,8,10,4,10,9,10
738,6,6,9,13,9,14,13,10
739,6,5,8,11,5,7,10,7
740,5,4,10,11,6,11,9,7
741,11,5,6,16,7,11,6,9
742,5,4,9,11,10,11,12,8
743,9,1,5,9,7,11,9,10
744,9,6,9,8,8,12,11,7
745,11,6,8,11,7,8,14,9
746,9,6,8,12,4,7,11,7
747,11,7,8,14,3,13,7,4
748,13,7,6,13,6,9,13,6
749,7,4,7,11,5,8,11,6
750,8,6,8,12,7,9,9,8
751,12,5,6,12,6,9,13,6
752,8,4,7,10,7,11,11,9
753,11,5,4,16,7,11,12,6
754,9,4,6,14,6,10,9,9
755,9,6,7,7,6,9,10,12
756,8,7,5,9,7,7,9,10
757,11,7,5,13,6,9,10,9
758,12,3,7,13,8,10,16,7
759,12,3,9,11,7,12,14,8
760,10,5,4,18,6,12,12,9
761,9,3,7,15,6,9,12,12
762,11,6,9,7,5,9,12,7
763,12,5,5,7,8,11,13,7
764,12,4,3,6,8,10,16,10
765,12,9,5,14,8,8,8,10
766,11,8,4,13,7,11,14,4
767,9,4,6,10,8,8,13,7
768,15,4,9,10,7,9,11,10
769,9,6,9,8,6,10,12,7
770,10,4,9,13,5,9,8,9
771,11,4,11,11,6,13,8,9
772,8,5,9,12,6,9,10,7
773,8,4,8,10,8,7,11,9
774,13,4,8,11,6,8,7,11
775,11,4,6,12,6,9,10,10
776,8,4,6,8,7,12,8,11
777,6,3,8,9,8,13,7,10
778,11,4,10,10,9,8,11,12
779,8,4,9,12,9,7,9,10
780,8,8,5,13,10,13,11,8
781,12,2,10,14,8,11,13,9
782,12,3,10,10,9,10,10,11
783,7,4,8,10,8,11,10,10
784,13,6,8,13,8,15,12,6
785,11,2,4,11,11,9,9,7
786,8,2,9,13,9,8,9,12
787,7,3,7,12,8,8,12,6
788,9,6,6,13,7,8,7,9
789,10,3,6,9,9,11,13,12
790,8,4,5,13,7,11,9,9
791,10,7,8,13,6,10,10,8
792,13,7,7,12,12,11,10,10
793,9,5,7,13,8,13,6,8
794,12,3,6,8,7,9,10,8
795,7,3,5,11,6,11,8,12
796,12,6,5,14,6,10,7,12
797,9,6,6,10,7,12,9,8
798,9,7,9,15,7,11,9,8
799,12,4,8,15,7,12,8,8
800,5,7,5,16,9,15,13,8
801,12,6,6,12,5,12,11,8
802,13,6,6,9,7,12,12,10
803,11,7,5,13,3,11,11,9
804,8,4,10,11,6,10,9,10
805,13,2,7,14,8,9,14,10
806,9,6,7,11,5,13,9,7
807,8,7,6,14,7,9,10,10
808,11,4,7,10,7,8,9,9
809,11,9,5,9,7,9,7,9
810,7,4,7,9,10,11,14,10
811,5,4,4,11,8,9,9,11
812,13,5,8,6,7,12,7,10
813,10,5,6,12,6,8,9,9
814,13,6,8,14,2,11,16,8
815,8,3,6,7,7,11,9,10
816,10,3,7,11,4,8,9,8
817,10,3,4,8,5,8,7,9
818,9,5,7,12,5,10,10,9
819,9,4,3,10,7,9,9,11
820,12,7,5,12,5,10,11,4
821,10,6,7,14,6,8,9,7
822,10,3,8,10,6,7,8,10
823,8,9,7,16,5,9,7,6
824,9,6,8,15,9,8,12,12
825,10,5,7,15,7,6,13,7
826,11,5,6,13,10,9,8,7
827,14,5,8,10,5,11,13,10
828,9,5,7,11,9,8,8,12
829,11,6,8,12,6,11,6,11
830,7,9,8,12,7,12,9,9
831,7,3,5,16,7,7,9,9
832,8,4,11,13,10,6,13,9
833,13,4,5,10,6,6,7,9
834,9,7,8,11,4,10,7,7
835,11,5,8,11,7,12,5,9
836,6,3,5,17,7,12,6,9
837,12,4,4,15,3,9,10,7
838,9,5,5,13,6,8,6,7
839,10,3,6,12,7,10,11,7
840,15,3,11,15,6,11,6,8
841,8,6,5,11,8,12,7,10
842,7,5,6,11,7,14,11,10
843,12,4,7,12,9,7,8,10
844,8,3,6,15,8,11,7,9
845,8,1,6,14,9,12,7,8
846,8,5,7,15,7,7,7,12
847,7,5,6,12,5,11,7,7
848,6,6,7,9,6,7,7,8
849,8,10,7,11,9,8,9,10
850,13,6,5,14,11,10,8,7
851,5,8,6,13,7,12,13,6
852,8,5,8,13,5,10,12,11
853,8,6,4,10,6,11,10,9
854,8,5,7,11,8,10,12,10
855,9,4,9,11,7,9,11,14
856,10,7,5,12,9,7,8,7
857,13,4,8,10,5,10,11,6
858,12,7,7,11,7,10,8,7
859,11,6,6,12,3,4,12,7
860,12,5,5,10,4,11,8,7
861,6,6,7,12,8,9,5,8
862,9,4,9,9,6,13,7,9
863,14,6,8,12,9,7,9,13
864,6,3,6,13,8,10,9,5
865,13,3,6,11,6,13,10,9
866,10,4,7,13,4,7,12,7
867,10,4,7,14,6,6,10,8
868,8,6,6,13,7,9,6,9
869,9,5,5,12,9,10,12,7
870,9,7,9,14,9,10,10,12
871,12,5,4,9,3,9,8,7
872,9,5,7,14,10,6,11,8
873,11,6,5,10,4,8,10,10
874,10,4,7,17,6,9,9,7
875,11,5,10,12,6,12,10,13
876,11,5,5,12,6,9,9,11
877,11,4,6,9,8,10,7,8
878,10,8,6,10,5,11,10,9
879,12,4,8,13,9,8,12,11
880,8,6,7,10,7,11,11,9
881,14,6,5,13,7,8,8,10
882,7,3,8,13,10,12,13,8
883,11,5,7,11,7,7,8,9
884,10,8,6,17,4,9,9,8
885,8,5,6,16,8,10,5,15
886,10,5,10,10,3,12,14,7
887,9,7,3,13,7,7,12,8
888,6,4,4,13,5,9,16,5
889,13,4,10,12,8,8,11,9
890,7,4,5,9,7,8,12,9
891,11,6,5,10,6,12,11,6
892,8,3,6,9,8,7,11,4
893,12,6,6,13,5,8,11,6
894,8,5,5,11,8,8,6,12
895,10,4,7,15,7,8,10,7
896,8,3,9,10,8,10,9,7
897,11,5,7,9,10,9,10,5
898,6,6,5,11,10,7,8,9
899,15,6,6,10,6,8,13,11
900,14,2,7,12,5,9,12,7
901,14,6,8,13,7,11,14,8
902,9,7,8,11,10,8,7,3
903,12,4,3,9,7,13,7,6
904,9,2,5,15,5,10,7,5
905,12,5,5,15,7,9,8,10
906,6,5,5,17,6,10,11,11
907,7,4,8,14,10,10,9,8
908,7,5,9,10,5,13,10,8
909,12,7,7,14,6,10,9,6
910,11,9,7,14,3,9,5,9
911,7,6,8,14,8,5,7,9
912,9,6,3,15,12,13,10,7
913,6,4,9,11,8,11,10,7
914,9,5,10,10,6,10,8,10
915,4,5,8,14,10,7,12,6
916,10,4,5,11,5,11,8,4
917,12,4,6,8,5,10,12,7
918,11,4,7,11,6,9,10,8
919,9,8,4,14,4,10,13,6
920,13,6,11,10,7,8,15,5
921,6,4,7,13,5,7,10,9
922,11,8,4,13,5,12,6,9
923,11,4,7,8,4,8,12,12
924,13,5,11,14,6,6,11,6
925,8,7,5,11,4,8,9,8
926,9,6,5,9,6,8,9,8
927,8,6,12,11,4,8,7,4
928,11,6,7,9,5,7,12,12
929,8,5,8,13,5,10,9,9
930,12,7,9,14,7,11,8,8
931,11,7,8,10,5,9,12,9
932,9,7,6,11,7,8,8,9
933,11,6,7,11,11,10,11,3
934,5,5,6,8,8,9,11,10
935,11,4,9,17,10,10,6,7
936,12,5,5,8,6,12,10,6
937,10,8,8,13,9,11,6,4
938,12,5,7,13,4,7,9,10
939,12,4,6,10,10,14,10,5
940,7,9,8,12,8,7,11,8
941,9,10,4,11,10,10,9,10
942,9,7,6,14,4,10,10,8
943,14,6,5,11,8,11,7,9
944,7,6,5,9,8,7,4,12
945,9,7,8,9,7,10,10,8
946,9,7,7,12,7,13,7,10
947,13,7,6,12,7,10,11,4
948,7,7,4,9,10,12,12,11
949,11,7,8,4,7,13,13,11
950,10,2,6,5,9,11,11,6
951,8,12,9,11,6,11,13,10
952,11,6,6,10,7,9,9,8
953,8,6,8,11,6,7,12,9
954,10,10,6,18,7,9,10,7
955,10,9,11,13,5,10,7,8
956,6,10,9,16,5,8,9,7
957,9,4,9,12,4,13,11,7
958,10,5,5,10,4,8,10,7
959,11,7,7,9,7,7,4,6
960,10,5,7,12,6,7,8,8
961,10,5,6,12,5,6,9,5
962,10,7,8,10,8,10,8,10
963,9,4,6,8,8,10,10,4
964,10,5,6,14,6,11,9,9
965,10,4,5,11,9,11,10,8
966,13,6,8,13,6,9,12,11
967,12,10,5,13,6,9,8,9
968,11,7,7,7,9,12,9,6
969,8,7,7,13,5,7,7,9
970,10,3,7,12,7,10,9,11
971,7,7,9,11,7,16,8,10
972,12,6,6,11,11,8,11,12
973,6,3,9,11,6,15,9,9
974,12,7,8,9,9,12,13,8
975,13,4,8,14,6,7,8,9
976,11,7,10,12,7,9,6,8
977,9,6,7,14,4,9,9,9
978,11,4,7,10,5,9,9,11
979,11,4,8,13,8,12,11,9
980,8,6,9,11,5,10,8,12
981,13,2,5,14,7,9,11,7
982,9,7,6,12,6,11,10,8
983,8,7,8,12,6,9,7,11
984,14,4,5,13,10,10,9,7
985,13,3,7,12,7,14,7,9
986,13,6,8,14,7,8,12,8
987,10,8,8,11,5,8,8,12
988,10,5,4,10,6,13,11,9
989,9,5,8,12,5,9,8,7
990,9,3,8,12,9,10,9,6
991,12,9,5,15,8,11,8,8
992,4,5,7,13,5,13,8,8
993,11,8,5,8,7,8,8,6
994,8,5,9,11,8,12,6,8
995,10,5,5,14,7,12,10,9
996,13,2,10,16,3,6,6,4
997,12,4,9,11,5,11,7,7
998,10,6,8,17,10,9,11,8
999,8,7,12,11,7,9,7,5
1000,11,3,7,18,5,9,9,5
1001,7,4,5,16,5,9,7,10
1002,12,5,9,14,8,10,8,9
1003,10,7,7,10,9,10,7,11
1004,11,7,7,15,8,12,8,9
1005,12,5,7,17,11,6,12,11
1006,7,3,7,8,10,12,6,8
1007,8,5,6,11,9,8,9,8
1008,10,8,7,6,6,8,8,9
1009,7,3,8,11,7,13,16,13
1010,12,5,7,11,6,12,11,9
1011,9,6,6,12,11,9,9,11
1012,7,6,4,7,4,9,7,8
1013,10,5,10,7,11,11,10,8
1014,11,5,8,8,5,8,9,8
1015,7,5,5,12,10,8,9,12
1016,8,5,8,12,6,11,15,9
1017,10,3,5,14,8,14,8,11
1018,12,5,7,6,11,12,8,8
1019,9,5,5,12,7,9,8,6
1020,8,9,6,12,5,16,10,8
1021,11,4,8,15,7,14,11,8
1022,9,6,7,7,7,8,14,10
1023,10,5,6,11,8,12,12,10
1024,11,2,7,12,5,8,7,9
1025,8,4,7,12,10,12,13,9
1026,7,5,7,12,7,11,9,14
1027,12,6,7,15,8,9,10,13
1028,11,3,5,14,7,11,9,8
1029,12,4,6,11,10,6,10,9
1030,13,4,4,14,9,12,6,9
1031,10,5,6,10,7,12,10,9
1032,10,6,9,12,7,5,11,6
1033,8,7,3,13,8,11,10,9
1034,11,6,7,14,8,9,7,6
1035,11,5,6,10,9,6,9,8
1036,9,6,10,11,9,9,9,11
1037,12,6,6,12,7,13,9,4
1038,14,6,8,14,9,12,8,7
1039,11,3,6,12,7,10,4,11
1040,12,5,5,18,3,10,3,7
1041,4,2,5,13,8,7,8,6
1042,9,5,5,14,3,8,9,8
1043,9,6,6,13,8,10,9,7
1044,7,7,9,11,6,7,9,7
1045,8,7,8,12,5,9,11,10
1046,7,4,8,13,11,7,6,10
1047,12,4,6,11,9,11,9,7
1048,9,4,8,12,4,7,7,10
1049,9,7,6,11,6,10,10,8
1050,14,4,5,7,6,9,7,10
1051,13,3,6,10,5,11,9,6
1052,8,5,6,12,8,11,9,8
1053,9,5,5,12,5,10,8,10
1054,14,4,5,12,6,6,6,10
1055,14,7,9,15,7,10,4,5
1056,7,6,8,12,6,12,11,7
1057,12,5,8,18,4,7,9,7
1058,13,7,3,13,7,8,7,12
1059,10,4,8,9,7,9,10,10
1060,11,7,3,14,9,11,11,7
1061,8,4,6,15,2,11,10,6
1062,7,5,4,11,4,10,10,8
1063,9,3,7,13,5,9,13,7
1064,8,3,7,13,7,13,14,8
1065,9,5,6,10,8,7,9,7
1066,8,5,8,10,6,10,11,8
1067,7,6,8,12,4,12,8,10
1068,9,6,6,12,4,11,5,10
1069,5,3,7,13,7,7,12,11
1070,7,6,8,9,8,12,8,6
1071,7,7,8,15,7,4,12,6
1072,11,7,10,6,7,7,11,9
1073,10,4,5,16,8,8,7,9
1074,8,8,10,13,4,11,6,8
1075,8,2,7,12,5,13,8,15
1076,9,5,10,13,5,9,7,10
1077,11,4,7,14,7,10,10,11
1078,11,5,7,14,5,11,9,13
1079,10,4,8,10,6,8,8,10
1080,9,4,8,12,7,7,9,6
1081,12,3,6,12,4,10,10,4
1082,14,3,9,16,8,12,11,10
1083,10,4,8,14,5,9,9,10
1084,13,6,6,10,8,11,7,11
1085,8,4,7,16,9,13,8,8
1086,9,5,6,15,6,6,10,10
1087,8,4,4,12,6,7,7,14
1088,11,4,9,7,6,6,9,9
1089,7,4,3,14,7,9,8,7
1090,10,3,7,10,5,12,14,8
1091,10,3,9,9,3,9,9,6
1092,10,2,9,17,9,10,9,8
1093,11,6,7,12,7,12,13,6
1094,12,5,8,10,6,8,9,10
1095,12,5,8,11,7,7,10,8
1096,7,5,5,9,7,10,11,10
1097,8,3,8,13,10,12,10,7
1098,11,3,10,13,9,9,8,8
1099,11,6,11,13,7,9,4,8
1100,8,5,7,15,7,8,10,7
1101,8,4,8,13,7,7,11,12
1102,15,8,7,12,7,12,12,11
1103,13,4,9,6,7,11,7,8
1104,9,4,9,19,6,8,8,11
1105,10,5,8,14,9,10,9,9
1106,10,8,8,15,6,10,8,14
1107,8,4,8,13,5,10,11,9
1108,14,6,6,14,7,12,8,10
1109,9,5,9,10,7,6,9,7
1110,6,5,6,11,5,9,7,10
1111,13,7,6,13,9,6,9,8
1112,14,4,6,10,7,13,9,10
1113,14,3,8,14,9,13,10,10
1114,7,5,6,16,7,12,11,9
1115,7,6,5,14,10,12,9,7
1116,7,1,6,12,8,9,6,13
1117,11,6,6,11,4,7,7,9
1118,8,5,8,15,8,9,6,9
1119,8,7,7,15,8,8,9,10
1120,11,4,7,13,5,10,7,13
1121,10,6,9,14,8,7,10,6
1122,9,6,9,12,6,8,7,12
1123,10,4,7,11,6,10,5,12
1124,12,3,7,12,6,10,8,8
1125,11,3,4,14,9,12,8,13
1126,12,4,8,10,6,12,10,14
1127,11,2,8,14,10,10,10,10
1128,10,6,7,15,6,18,12,11
1129,9,4,10,9,5,15,12,6
1130,9,3,6,10,8,11,8,10
1131,13,4,7,12,8,10,10,9
1132,11,6,5,13,9,5,13,8
1133,7,5,10,11,6,10,8,8
1134,5,6,11,13,6,7,10,6
1135,8,5,5,14,7,14,10,7
1136,8,7,6,12,9,12,10,8
1137,10,8,4,9,8,10,12,6
1138,9,5,7,12,10,12,11,11
1139,8,7,3,15,8,8,10,7
1140,10,7,8,12,7,8,5,11
1141,12,3,8,10,8,10,10,7
1142,10,6,5,9,6,11,13,5
1143,9,7,7,12,5,14,8,11
1144,10,8,12,14,8,10,10,7
1145,11,5,6,12,7,13,9,11
1146,7,7,5,12,7,10,6,9
1147,10,3,9,12,7,7,13,5
1148,8,6,8,9,5,10,10,12
1149,8,8,8,16,6,9,8,9
1150,13,4,8,15,3,7,10,9
1151,7,6,7,14,6,10,14,14
1152,7,5,7,11,7,8,9,8
1153,8,6,6,11,5,13,10,8
1154,10,9,10,13,9,9,11,9
1155,13,7,5,16,10,14,9,14
1156,9,8,6,11,6,10,7,10
1157,8,6,6,12,6,7,9,9
1158,8,8,8,12,9,10,12,9
1159,10,5,8,13,8,6,5,9
1160,11,4,6,15,10,11,8,11
1161,12,7,6,13,5,12,8,9
1162,11,3,7,15,5,7,9,8
1163,9,6,5,11,6,10,8,10
1164,9,5,6,11,4,12,7,7
1165,11,4,7,9,8,10,6,10
1166,9,6,8,12,5,7,12,16
1167,8,6,6,12,11,7,11,9
1168,8,6,10,6,11,12,11,10
1169,8,3,7,16,6,10,7,7
1170,8,6,5,12,8,12,3,11
1171,7,3,11,5,4,12,5,8
1172,10,9,7,12,6,8,6,8
1173,6,7,6,12,8,12,10,9
1174,12,3,7,14,10,9,6,10
1175,10,11,9,11,8,9,4,9
1176,10,3,5,15,6,9,7,9
1177,11,5,10,14,5,7,13,12
1178,7,2,10,10,5,14,13,8
1179,9,8,10,10,4,9,5,10
1180,9,6,6,11,5,10,10,8
1181,8,2,9,14,8,7,12,6
1182,9,5,5,13,9,9,11,9
1183,8,3,9,9,6,9,7,8
1184,16,4,6,11,6,10,10,8
1185,11,6,7,12,4,12,10,12
1186,14,7,7,12,4,10,8,8
1187,10,6,4,15,4,11,6,6
1188,11,5,4,13,6,5,8,7
1189,7,5,11,12,4,11,8,8
1190,11,10,9,14,6,10,10,7
1191,11,6,11,12,4,11,10,5
1192,13,7,10,12,9,8,7,12
1193,13,6,7,11,9,10,4,8
1194,9,5,10,13,8,10,6,6
1195,8,7,5,12,4,13,11,9
1196,8,5,10,14,5,8,9,9
1197,9,3,8,13,9,6,10,9
1198,11,2,7,10,8,9,7,10
1199,9,5,8,8,7,10,7,7
1200,11,5,7,15,3,6,8,7
1201,10,5,11,13,5,15,7,12
1202,8,6,11,11,7,10,12,8
1203,10,6,7,15,9,11,6,11
1204,12,7,4,11,6,14,10,9
1205,10,5,7,8,6,8,7,8
1206,10,9,9,11,4,9,10,12
1207,7,11,8,11,5,10,11,8
1208,8,4,6,14,4,8,13,9
1209,7,5,10,15,6,9,3,7
1210,8,6,7,12,6,11,9,8
1211,13,7,11,10,8,8,14,6
1212,10,7,5,17,6,10,12,9
1213,9,6,8,12,7,10,10,7
1214,7,5,7,12,6,9,12,12
1215,7,7,8,9,7,9,10,5
1216,11,7,7,14,5,9,6,7
1217,14,10,9,9,6,9,9,11
1218,9,3,6,12,5,9,8,7
1219,8,6,6,15,6,13,8,14
1220,11,4,4,12,5,11,9,9
1221,7,10,8,12,6,12,13,9
1222,12,7,7,12,10,12,6,11
1223,10,3,4,10,5,10,10,7
1224,11,5,6,12,6,13,9,8
1225,10,7,9,10,3,14,8,8
1226,7,10,10,14,6,10,9,9
1227,9,6,4,13,7,9,9,11
1228,6,5,7,14,8,8,8,8
1229,10,7,4,11,7,7,10,9
1230,10,4,5,20,8,11,11,10
1231,13,7,8,9,8,12,8,8
1232,12,10,11,12,11,8,9,5
1233,7,7,7,10,9,9,3,11
1234,12,4,7,9,7,6,7,6
1235,12,2,5,7,8,11,6,8
1236,9,5,7,11,6,9,8,8
1237,8,4,5,11,8,5,9,10
1238,12,6,7,9,7,11,11,7
1239,10,6,8,16,9,10,12,9
1240,9,7,7,11,7,8,9,9
1241,10,4,7,11,8,7,8,8
1242,8,5,8,10,3,10,13,8
1243,12,7,6,14,7,10,14,7
1244,9,3,9,11,8,9,10,7
1245,12,7,9,9,11,10,13,12
1246,10,6,4,6,6,7,7,10
1247,15,7,6,11,4,13,9,7
1248,9,7,5,13,1,8,11,11
1249,8,4,6,14,6,11,10,11
1250,7,3,7,9,7,13,7,9
1251,10,5,5,15,6,6,6,6
1252,7,3,5,16,5,14,10,9
1253,13,3,10,9,9,11,4,6
1254,7,9,7,10,8,7,10,5
1255,9,9,3,14,6,9,7,11
1256,15,4,11,16,7,9,6,11
1257,11,2,6,10,9,11,8,8
1258,11,7,8,13,6,11,9,10
1259,13,7,5,13,5,8,7,11
1260,7,1,7,17,5,10,6,10
1261,8,5,6,11,6,12,16,7
1262,7,6,11,9,5,10,7,7
1263,10,3,5,10,6,9,15,4
1264,8,4,4,11,5,7,12,4
1265,7,6,10,10,7,10,10,10
1266,8,4,9,14,7,6,13,8
1267,11,6,8,11,3,9,6,10
1268,8,6,10,12,8,7,10,9
1269,13,7,6,13,6,10,12,8
1270,6,2,6,15,4,11,11,7
1271,5,5,9,14,6,7,9,4
1272,10,6,7,12,4,6,10,8
1273,2,5,7,11,8,11,4,9
1274,12,6,10,9,9,10,11,10
1275,8,5,7,16,9,11,9,6
1276,13,7,4,12,7,14,14,7
1277,9,4,7,10,8,13,9,9
1278,9,7,7,13,8,9,12,6
1279,10,6,9,8,7,6,8,9
1280,9,4,7,13,4,7,15,10
1281,10,7,10,14,9,11,8,11
1282,9,4,9,12,11,9,8,9
1283,10,7,9,15,7,13,10,9
1284,10,6,7,10,7,10,5,9
1285,9,6,7,12,6,9,8,6
1286,8,6,6,16,7,9,11,7
1287,11,7,7,15,8,10,5,8
1288,10,3,7,15,4,11,10,12
1289,8,3,7,15,6,7,9,11
1290,8,7,10,14,9,12,13,11
1291,12,9,6,10,9,8,12,10
1292,6,5,3,10,6,10,7,12
1293,12,5,5,14,7,7,4,10
1294,9,5,6,9,8,9,10,7
1295,9,4,7,13,10,10,9,10
1296,7,3,8,16,6,7,10,7
1297,8,7,7,15,6,9,9,8
1298,7,4,6,16,3,9,7,9
1299,7,3,5,11,5,7,7,9
1300,6,5,9,10,7,12,8,12
1301,10,5,7,13,6,9,10,8
1302,9,8,7,13,10,9,8,8
1303,12,5,7,12,9,11,10,9
1304,12,4,8,12,5,8,7,10
1305,10,6,8,14,7,11,6,8
1306,11,7,9,11,10,12,9,12
1307,9,5,10,9,7,7,8,10
1308,12,4,5,10,8,10,7,8
1309,12,5,4,10,4,13,8,10
1310,13,3,8,11,7,10,11,9
1311,9,4,7,16,6,11,7,8
1312,13,6,7,14,7,12,13,10
1313,11,3,10,14,9,8,15,10
1314,13,8,3,11,7,12,10,11
1315,13,6,6,15,8,9,13,11
1316,7,6,8,9,4,8,10,10
1317,8,4,9,15,8,12,11,9
1318,8,5,9,11,3,14,8,7
1319,8,4,5,13,10,12,9,9
1320,15,6,8,14,7,7,12,6
1321,9,4,8,8,8,7,11,11
1322,10,6,5,12,7,10,9,11
1323,11,5,6,11,6,9,12,10
1324,13,6,7,14,8,10,11,11
1325,10,4,9,15,5,9,14,10
1326,9,4,6,8,8,10,12,13
1327,11,4,8,10,8,10,17,12
1328,11,3,5,11,8,8,14,8
1329,10,5,8,8,7,10,13,9
1330,9,3,9,12,8,13,8,10
1331,8,4,10,10,8,7,12,10
1332,9,4,5,9,6,9,10,9
1333,11,2,7,11,7,11,9,9
1334,10,5,11,12,5,13,10,7
1335,11,3,7,7,5,10,13,10
1336,11,5,7,14,9,10,13,11
1337,13,4,7,12,4,7,9,13
1338,13,3,8,10,8,9,7,10
1339,9,7,11,8,8,9,9,10
1340,11,4,8,16,5,6,11,6
1341,6,3,6,11,8,8,10,8
1342,10,6,7,10,5,8,12,10
1343,7,7,7,11,7,9,10,9
1344,10,4,10,11,7,10,9,9
1345,7,6,7,10,5,8,5,10
1346,8,6,7,10,7,9,6,10
1347,7,8,7,14,6,13,16,8
1348,12,3,5,12,6,8,11,9
1349,8,3,10,9,3,7,9,8
1350,8,3,6,12,8,12,5,6
1351,5,5,9,13,7,5,11,6
1352,6,5,6,10,7,7,13,9
1353,8,5,7,10,7,12,10,5
1354,7,7,9,10,8,7,12,10
1355,6,7,8,15,6,10,12,13
1356,11,4,4,15,4,8,11,8
1357,8,9,5,12,6,10,13,5
1358,5,7,7,10,5,14,9,7
1359,7,9,9,14,7,15,11,7
1360,8,4,7,14,5,8,8,6
1361,11,3,8,14,8,9,7,6
1362,11,3,11,7,6,16,16,10
1363,8,8,6,10,3,12,6,11
1364,13,4,6,16,7,8,10,7
1365,13,7,8,14,6,9,13,7
1366,11,4,6,12,8,13,14,8
1367,10,6,7,12,4,6,9,4
1368,7,7,8,12,11,12,8,9
1369,10,4,7,11,8,9,8,7
1370,8,4,7,14,9,8,8,10
1371,8,8,9,14,4,13,12,12
1372,11,3,6,12,9,10,9,5
1373,8,3,5,17,6,10,10,3
1374,10,5,8,14,8,8,9,7
1375,6,6,5,12,6,8,15,8
1376,3,5,7,7,7,8,11,7
1377,8,5,8,9,8,11,9,7
1378,7,9,8,12,5,8,13,3
1379,8,5,9,14,7,7,12,8
1380,10,6,7,9,9,7,11,7
1381,8,6,8,14,5,8,14,12
1382,12,6,5,14,6,13,10,8
1383,11,4,12,14,6,11,10,10
1384,12,4,6,15,5,10,15,7
1385,11,3,8,8,8,8,13,9
1386,8,5,8,10,8,6,12,9
1387,6,5,9,16,7,11,10,9
1388,11,8,8,15,7,9,10,7
1389,8,4,7,11,7,7,13,12
1390,11,4,8,11,5,7,11,12
1391,10,3,4,11,6,16,9,7
1392,10,6,6,14,7,9,5,7
1393,7,5,6,9,4,7,11,9
1394,8,6,7,13,7,10,8,11
1395,10,4,4,15,4,8,7,9
1396,15,2,6,12,7,7,13,7
1397,5,5,5,12,7,16,13,6
1398,14,4,7,16,6,9,9,12
1399,12,6,9,16,4,9,11,6
1400,14,6,6,10,9,10,4,6
1401,7,4,10,20,8,10,8,9
1402,10,7,9,5,7,13,8,9
1403,16,7,9,16,6,10,7,9
1404,7,5,7,15,5,15,9,11
1405,10,8,5,13,5,9,9,10
1406,7,4,9,11,10,7,11,8
1407,8,3,11,10,8,6,8,11
1408,8,7,8,7,6,11,8,8
1409,10,4,10,17,8,10,4,10
1410,8,3,3,12,10,10,6,13
1411,9,7,7,16,7,14,7,10
1412,9,6,7,12,4,11,10,9
1413,14,3,9,10,6,10,7,7
1414,10,3,5,19,6,11,11,12
1415,10,5,8,9,7,9,8,13
1416,10,4,7,13,10,10,13,8
1417,14,3,7,11,10,9,9,9
1418,16,4,9,9,7,10,13,10
1419,9,7,7,11,7,5,7,11
1420,10,7,8,13,6,12,11,8
1421,14,5,4,11,6,14,5,8
1422,9,3,9,9,7,10,14,6
1423,11,7,6,12,6,7,14,10
1424,10,6,9,10,8,10,10,7
1425,12,5,6,16,6,15,11,10
1426,11,6,4,10,9,13,9,11
1427,9,8,9,10,3,10,10,5
1428,6,8,9,14,5,10,9,6
1429,9,5,7,10,6,9,9,5
1430,11,9,9,14,8,9,9,8
1431,10,4,7,13,5,9,11,5
1432,10,2,8,9,8,8,12,8
1433,11,6,6,12,8,10,11,6
1434,8,6,9,11,5,14,9,8
1435,14,4,10,9,3,10,7,8
1436,11,4,8,16,8,10,9,12
1437,10,8,6,10,11,14,13,4
1438,10,5,8,10,5,7,13,8
1439,7,7,7,13,5,12,11,10
1440,10,8,10,8,7,9,10,13
1441,8,4,7,11,8,11,14,12
1442,10,7,4,11,6,8,8,10
1443,12,4,7,12,3,8,14,10
1444,8,3,8,10,8,12,15,9
1445,11,5,8,14,6,9,8,9
1446,16,7,7,10,7,11,11,10
1447,9,4,5,14,7,9,10,13
1448,11,4,9,13,7,9,11,11
1449,7,6,10,11,11,10,11,7
1450,8,4,10,13,10,11,14,11
1451,9,5,6,9,7,14,9,9
1452,11,5,7,10,7,12,9,8
1453,6,4,5,12,11,10,9,9
1454,10,4,6,14,7,15,10,7
1455,13,4,8,13,5,12,9,9
1456,9,7,7,12,8,11,13,9
1457,8,6,8,18,8,13,9,12
1458,12,5,11,9,7,9,7,11
1459,14,4,6,9,9,12,8,7
1460,11,5,8,10,6,11,6,9
1461,13,5,10,8,6,12,11,12
1462,10,6,3,12,5,8,8,9
1463,10,4,7,11,9,10,11,12
1464,9,9,11,11,4,8,10,11
1465,12,7,6,8,6,10,14,9
1466,8,4,10,9,12,7,6,10
1467,7,8,7,14,8,9,8,13
1468,11,2,9,13,4,14,8,9
1469,11,5,10,8,8,9,9,12
1470,14,5,10,14,4,9,6,9
1471,10,3,10,12,7,8,9,11
1472,8,9,5,14,9,12,12,8
1473,12,7,8,11,9,9,8,12
1474,12,7,10,11,7,10,14,13
1475,8,5,12,8,6,11,11,7
1476,10,5,12,12,7,13,6,10
1477,11,7,7,11,8,11,8,12
1478,11,8,6,11,6,10,8,9
1479,13,8,10,11,5,12,8,9
1480,11,7,5,15,10,16,12,6
1481,11,7,6,10,7,12,12,8
1482,8,5,7,13,5,9,12,14
1483,11,3,7,13,5,10,11,12
1484,13,7,7,14,4,8,11,13
1485,7,6,7,15,7,8,7,8
1486,8,5,11,12,5,14,7,12
1487,6,5,8,11,9,10,13,9
1488,9,4,9,12,6,11,12,9
1489,7,5,5,7,5,10,10,7
1490,10,4,10,9,7,14,12,6
1491,8,6,6,9,8,7,8,7
1492,8,5,8,12,9,13,10,10
1493,12,5,8,11,3,7,11,11
1494,7,7,7,11,5,10,9,12
1495,7,6,7,10,10,9,12,11
1496,9,7,9,12,5,10,9,10
1497,7,6,5,16,6,12,10,8
1498,9,4,8,10,10,10,10,6
1499,10,7,6,8,7,11,13,11
