FRAMES,3,4,5,6,7,8,9,10
0,695,444,622,764,645,704,760,706
1,717,459,629,765,635,695,775,721
2,717,463,627,787,642,718,787,695
3,712,477,617,785,642,719,812,701
4,719,496,627,785,645,722,810,692
5,677,486,624,771,651,711,800,704
6,719,481,646,768,632,704,827,724
7,723,459,637,804,635,709,772,740
8,707,483,649,770,622,715,790,716
9,707,450,652,774,636,712,833,707
10,714,472,639,809,646,705,833,707
11,709,509,653,785,627,731,797,699
12,703,487,639,792,628,719,779,712
13,707,518,645,768,658,737,837,704
14,707,475,640,805,635,724,808,721
15,699,505,658,789,648,729,812,728
16,703,490,642,790,624,717,821,719
17,709,484,646,777,643,719,834,705
18,708,538,644,785,628,704,823,748
19,726,519,693,770,631,698,779,720
20,710,507,626,769,641,733,808,731
21,703,503,641,773,633,726,806,712
22,706,490,651,801,668,715,795,701
23,716,495,619,786,641,725,809,720
24,723,503,638,789,649,716,801,709
25,725,495,625,769,626,716,804,738
26,714,499,632,795,660,727,811,724
27,689,512,611,791,618,710,818,721
28,715,498,612,775,633,722,817,707
29,725,497,613,776,625,708,826,702
30,683,494,609,763,667,721,808,724
31,701,516,629,762,638,728,792,721
32,715,494,610,781,645,705,804,711
33,695,508,616,772,660,714,817,730
34,702,478,628,766,648,706,813,694
35,711,500,603,779,651,725,804,718
36,694,508,606,801,627,719,755,701
37,690,497,626,782,645,711,745,719
38,690,482,604,763,638,708,753,709
39,701,526,615,771,640,729,761,695
40,698,509,633,793,617,726,758,734
41,707,504,620,815,632,724,781,706
42,709,487,609,765,620,697,797,693
43,704,497,616,794,625,733,798,692
44,694,499,598,793,657,711,773,727
45,699,499,596,794,621,725,803,718
46,706,493,615,764,645,725,800,710
47,716,508,594,775,635,711,792,730
48,704,483,619,784,640,725,799,733
49,715,493,632,789,637,722,777,710
50,714,487,600,776,620,710,811,729
51,715,492,572,797,649,707,784,703
52,721,489,594,795,636,711,772,712
53,704,510,604,797,643,726,746,744
54,683,502,621,766,635,710,780,695
55,721,506,588,774,647,724,779,739
56,723,517,625,772,644,726,778,731
57,710,506,596,766,626,718,773,757
58,732,453,590,804,644,688,769,739
59,696,501,578,784,637,704,776,727
60,697,491,573,773,628,697,753,723
61,719,495,591,786,636,703,763,743
62,687,479,603,786,658,707,775,709
63,719,489,621,779,657,720,740,718
64,716,499,594,773,641,710,769,724
65,702,486,582,793,626,711,758,731
66,701,486,617,815,628,718,795,734
67,704,495,600,785,608,708,785,739
68,681,495,633,785,631,721,768,722
69,699,483,617,772,643,715,781,744
70,708,486,627,795,633,732,785,734
71,697,496,630,776,627,707,747,739
72,701,509,628,788,640,729,771,742
73,696,521,604,799,639,730,763,751
74,702,498,590,772,647,734,786,733
75,708,498,595,805,648,745,744,729
76,726,489,613,801,648,700,783,745
77,685,535,586,793,638,728,761,750
78,686,507,594,799,641,691,759,740
79,699,497,570,806,647,728,744,727
80,690,513,615,779,634,718,763,716
81,673,502,582,782,633,723,748,714
82,692,505,606,739,620,726,765,749
83,684,496,604,787,646,729,758,726
84,684,496,604,800,632,732,758,714
85,679,493,599,779,635,734,772,744
86,708,525,592,785,641,712,778,718
87,710,481,598,788,641,723,742,705
88,708,510,585,775,625,708,758,718
89,685,489,596,789,671,711,770,707
90,709,500,584,785,628,744,750,725
91,704,487,607,762,648,726,746,721
92,702,491,593,770,623,694,761,720
93,696,500,615,776,633,726,746,704
94,696,497,576,778,630,723,761,734
95,705,508,589,792,649,717,773,697
96,707,498,619,777,642,725,751,718
97,727,476,615,801,639,724,762,701
98,690,481,599,767,646,738,744,709
99,710,496,611,797,633,724,758,717
100,688,495,591,768,636,717,757,715
101,723,505,589,779,631,723,771,720
102,714,513,609,785,640,724,763,706
103,711,506,587,798,647,728,774,726
104,701,499,612,769,657,728,747,730
105,743,500,569,804,673,716,785,719
106,732,514,589,782,632,707,778,724
107,706,495,589,778,649,751,789,714
108,696,502,572,788,641,749,801,716
109,710,504,604,795,631,730,795,720
110,714,503,601,767,628,726,797,715
111,696,501,613,783,659,730,794,717
112,711,480,576,789,659,711,800,695
113,695,498,590,771,661,733,765,732
114,706,488,620,775,648,736,758,738
115,712,487,597,792,633,730,760,724
116,697,493,608,773,622,718,764,722
117,683,504,588,766,653,726,758,721
118,715,484,592,784,624,711,786,704
119,720,499,610,793,613,757,744,695
120,708,476,622,786,610,709,762,702
121,682,495,621,774,619,718,770,706
122,686,487,618,788,621,739,797,713
123,716,488,596,769,619,729,777,718
124,704,492,590,772,631,713,755,700
125,681,506,599,792,622,747,762,698
126,700,513,592,778,633,733,762,720
127,701,511,592,794,634,727,768,736
128,678,491,594,774,642,723,760,720
129,699,497,622,783,630,713,799,745
130,695,503,597,787,639,741,768,702
131,691,504,599,780,626,725,790,704
132,657,507,590,784,642,711,779,709
133,682,494,582,800,639,712,773,734
134,684,487,580,787,662,724,790,755
135,680,507,611,777,652,729,767,706
136,699,519,585,798,647,723,758,706
137,687,496,586,758,656,739,760,696
138,703,504,601,773,643,739,773,738
139,688,497,584,780,647,728,729,705
140,700,492,600,805,660,725,757,712
141,693,510,577,801,643,747,764,704
142,705,497,643,801,654,718,786,706
143,697,500,621,790,645,725,763,711
144,671,497,592,768,644,720,767,707
145,678,502,581,778,644,734,802,698
146,703,496,614,791,654,727,771,717
147,698,519,592,803,627,734,792,699
148,684,520,588,800,635,734,784,713
149,697,521,579,795,642,741,789,707
150,710,540,607,779,646,718,775,725
151,682,529,594,806,629,719,790,709
152,707,539,589,801,628,743,776,704
153,693,495,584,782,628,720,772,741
154,706,499,611,779,638,736,775,719
155,712,489,617,761,624,738,751,702
156,708,507,594,803,644,726,767,715
157,710,492,563,790,626,728,760,722
158,730,505,625,779,640,721,746,740
159,700,502,608,787,648,738,785,714
160,718,526,589,768,630,750,759,716
161,703,487,605,794,626,705,778,721
162,702,481,603,798,633,727,751,705
163,715,486,612,779,622,705,755,717
164,723,488,625,772,634,730,786,714
165,695,498,590,819,650,714,752,708
166,710,509,596,790,629,737,750,732
167,703,501,572,791,633,738,771,715
168,690,495,588,770,605,720,762,721
169,714,500,570,789,641,719,764,758
170,705,482,608,782,637,718,770,757
171,705,478,605,771,633,712,795,726
172,699,516,612,797,619,705,771,734
173,694,499,604,772,633,702,753,748
174,699,505,609,782,639,712,770,729
175,713,490,616,780,627,734,824,726
176,705,474,617,775,632,726,774,693
177,696,508,603,776,634,730,799,706
178,710,513,604,801,637,719,789,712
179,682,493,607,752,638,717,801,715
180,693,500,594,778,631,731,814,723
181,704,489,606,798,637,720,806,709
182,689,495,619,803,621,735,777,719
183,732,509,592,753,634,726,810,723
184,690,488,617,761,650,719,789,715
185,706,490,590,783,655,727,755,704
186,709,488,583,775,637,746,795,708
187,699,483,573,779,644,733,764,708
188,692,502,642,778,644,735,806,721
189,683,556,633,793,669,735,813,696
190,694,499,603,767,636,733,776,682
191,691,497,596,785,641,738,787,708
192,679,507,577,787,648,713,802,710
193,683,492,616,773,650,720,784,730
194,695,508,599,809,637,716,802,719
195,679,490,601,771,630,725,771,722
196,687,505,621,790,658,726,779,731
197,687,494,590,812,657,700,794,715
198,663,496,599,785,644,726,815,716
199,659,529,593,809,639,729,816,697
200,655,507,622,796,633,714,806,731
201,679,505,593,770,634,724,831,728
202,678,482,613,771,622,722,813,734
203,686,491,591,791,615,718,827,718
204,669,505,598,800,625,717,809,734
205,673,481,557,785,633,738,779,719
206,698,487,607,780,616,723,783,730
207,666,506,609,787,621,701,801,735
208,684,501,582,799,624,719,792,752
209,668,476,607,786,600,705,771,738
210,687,500,591,774,619,723,773,723
211,681,484,600,812,630,720,783,734
212,679,499,607,811,631,714,811,736
213,679,507,619,788,626,712,792,748
214,677,491,589,782,640,710,793,754
215,641,522,611,783,618,704,793,727
216,692,513,605,758,622,719,832,715
217,691,493,597,783,625,723,797,725
218,678,523,596,785,611,707,786,729
219,672,494,593,783,623,712,784,745
220,661,488,591,781,617,712,774,744
221,649,490,589,765,616,719,754,700
222,655,484,592,761,614,703,764,707
223,647,503,612,783,634,686,767,740
224,664,493,584,795,616,692,774,721
225,663,484,585,767,629,694,795,753
226,676,498,604,783,623,706,761,741
227,690,517,588,785,630,708,775,696
228,680,491,593,783,645,700,780,698
229,671,486,602,777,604,717,751,719
230,682,507,601,765,633,744,799,715
231,682,514,608,807,637,724,780,716
232,673,509,598,798,615,718,755,724
233,685,475,612,772,620,714,762,729
234,672,486,600,771,626,726,767,721
235,665,508,621,777,653,723,750,703
236,673,497,570,775,617,730,767,696
237,674,491,626,757,621,728,750,706
238,688,493,628,768,627,742,751,717
239,679,517,603,787,623,724,792,716
240,680,520,608,762,626,731,756,720
241,672,507,607,784,622,720,803,708
242,674,512,612,768,632,734,784,720
243,682,515,578,795,637,729,776,687
244,686,525,611,749,651,736,790,701
245,675,494,611,775,644,720,773,715
246,658,489,604,801,646,734,797,707
247,647,492,587,767,637,733,835,706
248,655,495,593,798,632,731,778,721
249,678,496,610,771,644,749,789,690
250,667,499,600,780,636,714,786,713
251,657,476,574,789,643,709,765,717
252,660,506,584,766,636,732,753,712
253,689,491,590,792,635,751,765,725
254,685,495,599,764,647,717,767,706
255,669,514,590,770,644,748,756,724
256,669,505,584,764,645,720,773,736
257,662,494,618,805,620,742,783,716
258,651,499,583,776,625,749,774,715
259,629,480,586,779,636,733,784,734
260,670,499,566,792,645,719,795,713
261,664,484,612,784,612,740,811,706
262,648,490,599,773,645,728,798,695
263,661,511,569,780,619,731,828,707
264,665,493,605,778,617,732,821,675
265,657,503,588,804,620,731,793,725
266,678,496,617,765,625,717,823,699
267,649,514,611,784,647,746,803,683
268,667,499,581,778,612,737,820,699
269,650,515,621,773,622,730,812,740
270,660,476,595,789,629,735,766,712
271,661,511,571,769,640,734,786,718
272,669,526,603,783,615,714,811,742
273,672,541,575,787,635,735,791,723
274,661,554,588,797,651,708,798,726
275,664,536,611,769,610,702,805,725
276,671,512,580,775,625,715,785,731
277,692,527,596,790,633,716,808,725
278,661,495,611,771,623,710,822,728
279,681,519,600,787,630,703,814,732
280,685,506,587,759,621,714,810,737
281,698,507,591,785,621,736,816,726
282,691,487,572,781,623,731,829,725
283,700,521,602,776,629,724,824,702
284,701,511,622,770,633,729,811,731
285,684,515,586,774,609,732,779,735
286,692,489,598,781,652,730,767,726
287,653,488,607,772,640,720,799,720
288,686,498,594,765,627,709,817,706
289,686,507,593,777,651,722,803,724
290,666,495,601,795,656,734,785,710
291,659,464,579,750,631,728,808,733
292,660,499,598,778,627,741,772,701
293,663,502,599,787,611,710,790,732
294,681,498,590,788,642,721,820,709
295,665,484,604,815,617,699,812,716
296,681,493,587,778,621,704,805,705
297,669,479,585,800,626,706,776,706
298,681,504,606,803,628,709,804,683
299,688,502,589,807,615,703,794,693
300,678,512,622,786,612,720,797,692
301,677,518,598,793,640,715,780,691
302,663,494,614,806,650,688,789,699
303,657,531,631,817,610,713,773,698
304,682,499,597,802,627,696,804,701
305,672,511,615,796,645,720,799,697
306,663,478,597,817,632,725,798,692
307,704,496,597,779,615,696,779,734
308,720,489,601,805,613,719,780,697
309,711,538,570,773,609,699,799,681
310,695,508,600,794,645,720,816,694
311,706,517,612,775,637,736,789,693
312,705,510,604,797,607,726,802,690
313,708,518,626,786,618,724,784,685
314,709,517,621,798,630,716,763,702
315,703,506,600,788,636,722,785,722
316,691,504,598,778,632,722,784,726
317,692,477,607,800,640,719,764,734
318,703,501,611,772,634,726,766,698
319,709,490,597,780,652,735,739,712
320,685,504,576,803,617,722,750,715
321,736,505,606,799,641,723,773,717
322,692,494,604,805,648,720,763,714
323,696,487,607,815,631,713,745,734
324,709,494,603,785,646,712,794,708
325,717,510,579,795,637,708,768,707
326,691,487,564,777,654,746,759,717
327,696,490,566,793,633,730,775,701
328,697,476,578,787,639,726,760,704
329,696,507,568,792,663,726,756,709
330,691,494,554,791,651,734,761,711
331,696,489,576,790,647,721,746,688
332,690,489,582,783,619,735,763,679
333,671,486,569,781,625,742,758,712
334,713,483,570,801,649,732,782,702
335,716,499,575,795,611,736,754,729
336,725,481,581,808,630,733,769,724
337,711,486,581,817,624,742,755,709
338,712,485,564,777,627,717,766,732
339,677,489,577,824,645,717,739,735
340,697,494,570,788,644,740,761,728
341,718,474,567,807,655,726,770,730
342,713,481,583,790,627,738,750,745
343,692,487,568,792,626,726,754,743
344,707,488,573,797,632,730,767,721
345,684,487,604,779,637,714,754,738
346,703,494,626,777,639,724,805,719
347,680,484,598,769,631,741,752,723
348,674,485,625,771,643,711,791,744
349,672,470,599,777,632,729,764,742
350,660,493,635,780,640,735,775,748
351,660,488,601,767,636,736,751,754
352,691,494,618,785,632,746,767,743
353,699,485,603,795,634,718,755,759
354,695,498,613,788,627,734,784,762
355,678,498,611,790,658,748,760,737
356,679,495,612,814,642,712,779,742
357,706,489,602,774,629,696,784,754
358,703,493,595,784,643,728,785,724
359,692,483,606,795,646,731,791,727
360,699,471,604,766,641,725,818,728
361,677,467,621,790,645,717,788,716
362,718,482,615,771,659,735,773,713
363,726,480,594,775,659,725,799,718
364,701,476,604,758,643,701,794,711
365,721,476,614,740,626,724,776,729
366,721,476,597,743,642,716,750,718
367,769,461,630,749,626,728,768,726
368,724,474,604,757,657,722,745,743
369,706,478,624,703,636,715,756,734
370,720,484,619,760,640,722,761,729
371,712,497,624,774,623,737,764,735
372,695,487,626,747,637,719,745,741
373,683,511,596,743,615,737,760,726
374,696,483,608,731,666,736,780,736
375,690,486,609,767,639,724,777,737
376,685,480,603,773,625,714,801,759
377,690,506,613,755,651,719,818,754
378,681,505,581,745,647,714,780,751
379,660,503,587,753,618,737,795,720
380,654,499,573,722,657,726,796,731
381,684,494,553,740,643,728,815,715
382,653,481,588,770,635,711,786,719
383,676,513,583,752,651,706,797,747
384,661,500,624,765,631,711,763,717
385,663,496,620,775,643,737,790,724
386,660,496,600,786,659,741,773,735
387,654,486,577,758,637,740,759,727
388,672,508,582,785,622,732,775,704
389,658,478,607,785,631,730,743,707
390,654,486,616,787,622,719,770,714
391,674,477,618,767,620,725,764,726
392,673,481,603,746,644,741,743,709
393,666,481,587,775,648,718,752,716
394,646,469,583,757,655,724,777,682
395,666,463,621,763,632,715,754,671
396,659,480,625,766,644,738,755,685
397,683,490,607,769,624,741,740,685
398,688,485,578,746,643,737,754,706
399,669,461,608,789,640,730,742,716
400,693,498,604,770,617,713,742,683
401,690,518,594,787,613,717,705,679
402,693,531,634,761,626,712,710,719
403,686,511,614,773,659,721,733,691
404,707,480,600,794,616,713,713,711
405,708,497,612,722,628,698,735,678
406,681,473,608,739,617,695,695,695
407,715,474,599,739,624,730,713,686
408,698,496,600,752,641,724,706,672
409,708,525,579,725,631,707,706,668
410,711,495,594,743,640,723,701,704
411,696,516,594,743,619,708,731,709
412,714,503,576,786,606,725,746,697
413,719,495,591,764,619,726,731,700
414,710,501,611,772,605,744,730,691
415,690,515,606,752,628,723,734,735
416,702,471,587,722,624,719,727,721
417,714,513,598,754,651,722,756,717
418,720,503,589,766,634,738,770,695
419,704,482,608,764,648,727,770,693
420,710,480,593,779,642,729,756,726
421,687,488,591,772,636,738,747,709
422,693,513,577,781,621,739,763,717
423,727,496,577,797,613,705,760,696
424,715,476,591,776,619,712,780,728
425,698,497,578,764,609,743,752,699
426,698,515,591,762,617,723,755,720
427,707,478,587,778,630,713,749,709
428,713,503,577,768,613,725,788,749
429,705,507,543,771,614,715,800,727
430,675,476,575,784,633,721,787,745
431,685,461,578,764,622,713,785,714
432,692,475,589,784,621,715,800,682
433,709,480,572,777,612,732,797,701
434,685,515,570,777,608,711,799,683
435,696,515,570,768,618,715,744,706
436,690,479,591,784,637,710,759,726
437,680,492,574,763,623,715,768,747
438,688,513,610,788,627,726,749,728
439,697,499,581,800,621,708,763,709
440,690,478,607,787,617,725,758,710
441,702,497,615,797,633,721,770,720
442,694,472,588,777,614,726,762,722
443,716,471,583,796,641,732,790,714
444,725,484,599,779,632,737,822,711
445,699,478,581,767,627,744,811,717
446,707,486,603,785,611,723,801,710
447,698,477,613,791,614,733,807,690
448,715,483,570,758,630,726,772,712
449,698,478,602,791,637,710,795,714
450,715,464,616,801,648,721,784,708
451,735,468,609,800,646,716,758,735
452,673,487,616,783,616,739,790,738
453,679,480,598,806,634,737,756,705
454,688,492,599,764,643,732,762,741
455,692,480,604,785,634,719,759,739
456,691,472,606,788,634,693,803,716
457,713,482,608,777,617,722,746,731
458,720,479,613,795,631,712,782,702
459,695,492,599,773,624,703,760,721
460,716,490,596,800,635,734,763,723
461,719,455,611,796,622,735,757,727
462,707,481,609,777,639,728,785,747
463,689,489,567,779,647,717,797,730
464,690,481,558,800,635,719,790,700
465,679,498,580,788,643,712,806,710
466,703,496,598,786,643,711,811,762
467,672,516,579,778,621,724,800,762
468,681,506,574,787,638,714,808,745
469,677,461,573,767,638,698,807,749
470,688,490,586,788,624,726,777,752
471,688,495,562,806,629,717,808,745
472,696,486,583,788,617,730,785,734
473,682,481,559,802,644,751,804,760
474,685,492,586,776,629,728,814,756
475,674,502,556,806,627,744,816,744
476,675,487,574,770,641,733,801,746
477,679,478,580,795,630,723,751,743
478,686,463,556,771,612,729,809,733
479,682,478,580,775,630,731,798,739
480,660,489,571,768,636,701,792,744
481,674,483,563,753,633,702,779,750
482,672,487,546,767,642,697,800,752
483,686,480,576,793,626,698,807,733
484,704,463,572,794,633,706,801,721
485,702,484,559,780,617,705,817,711
486,694,506,567,804,640,715,765,726
487,695,488,553,764,616,708,811,749
488,704,486,578,773,643,709,827,742
489,703,497,590,795,640,751,798,735
490,698,490,577,781,617,720,759,712
491,724,461,555,752,645,724,769,721
492,687,500,559,751,648,705,776,699
493,712,493,590,762,637,738,795,734
494,686,485,574,765,631,699,755,747
495,687,503,574,776,626,716,746,701
496,697,491,572,769,637,716,755,723
497,708,495,567,759,607,715,780,731
498,682,483,571,766,616,738,743,726
499,688,470,564,759,626,721,753,709
500,698,460,567,796,631,728,781,690
501,693,495,570,760,626,728,829,701
502,680,487,568,790,621,726,802,687
503,714,512,578,794,609,735,768,675
504,700,492,566,802,622,720,801,691
505,711,512,569,789,624,713,803,703
506,704,503,570,806,622,723,784,717
507,704,498,543,802,632,742,796,691
508,688,510,573,763,619,727,808,685
509,699,530,566,755,621,713,837,689
510,725,511,563,785,631,711,816,698
511,692,506,570,784,638,732,770,687
512,706,490,583,785,649,708,747,701
513,700,495,608,749,622,712,798,704
514,714,487,607,759,642,699,776,676
515,694,476,606,734,623,727,779,718
516,719,482,587,754,647,729,755,721
517,705,487,610,773,637,732,752,714
518,699,482,619,759,623,735,766,701
519,712,472,614,716,613,720,765,694
520,724,489,620,756,640,702,754,692
521,705,484,613,786,634,718,773,695
522,723,488,577,748,625,711,764,720
523,706,493,608,701,641,717,782,712
524,705,498,632,734,643,718,760,715
525,727,480,609,732,625,726,778,725
526,717,490,609,729,631,713,763,721
527,725,483,613,726,646,722,768,712
528,696,478,609,741,634,730,797,714
529,696,480,585,750,621,727,761,703
530,709,499,623,751,641,709,774,698
531,700,461,590,756,641,726,748,712
532,719,462,589,761,652,706,771,719
533,723,466,603,741,640,724,752,716
534,719,491,588,795,617,728,761,694
535,707,479,584,761,629,708,776,723
536,704,473,597,760,637,710,779,718
537,694,484,597,769,653,722,775,713
538,709,474,584,770,633,711,771,687
539,708,496,578,780,618,704,811,734
540,694,483,594,780,634,672,763,721
541,717,476,600,762,616,687,785,706
542,704,473,597,757,626,706,769,715
543,697,497,609,766,621,692,762,704
544,699,492,599,761,623,696,777,706
545,696,480,611,778,622,717,795,700
546,686,487,587,758,637,726,790,689
547,689,490,590,775,631,693,789,702
548,696,494,575,776,635,717,792,714
549,712,480,592,768,619,736,752,705
550,678,474,593,793,630,721,754,710
551,682,478,617,785,640,709,775,719
552,693,467,609,776,600,716,799,724
553,706,503,621,788,628,701,780,709
554,688,483,614,778,641,733,761,717
555,691,488,580,764,630,739,766,742
556,708,479,596,773,636,740,769,696
557,683,478,588,784,646,735,776,715
558,694,469,579,750,630,729,793,719
559,687,480,598,754,627,720,770,729
560,684,475,576,756,618,749,767,719
561,709,495,607,758,621,714,792,681
562,676,492,617,759,636,726,788,722
563,683,491,599,769,628,723,818,715
564,703,483,616,794,629,723,764,712
565,668,484,582,763,625,734,762,676
566,700,480,594,759,625,720,762,701
567,674,477,583,755,640,739,772,704
568,662,488,587,747,610,707,769,725
569,696,466,577,748,627,722,762,728
570,719,490,600,726,639,724,771,728
571,715,485,577,731,631,721,775,704
572,691,484,606,750,612,721,789,737
573,688,473,570,746,614,718,784,721
574,696,479,594,712,612,688,779,728
575,706,477,609,725,626,694,770,719
576,707,467,615,734,615,732,815,734
577,694,481,594,739,626,709,797,719
578,724,479,614,773,631,713,789,727
579,723,478,594,750,644,709,810,693
580,682,494,613,756,633,702,810,725
581,710,487,584,752,649,698,757,721
582,715,466,589,800,656,716,774,694
583,702,469,597,795,625,697,763,711
584,677,479,594,764,610,674,787,695
585,729,484,615,763,632,691,798,696
586,704,481,590,753,626,702,773,702
587,710,480,610,753,621,706,800,698
588,724,494,592,769,636,709,780,698
589,701,493,601,767,622,703,792,717
590,700,488,602,766,637,703,776,720
591,696,508,596,777,627,715,794,725
592,680,490,612,763,632,706,761,671
593,716,501,595,756,625,723,792,682
594,712,501,594,739,636,714,779,688
595,719,502,592,717,631,698,747,696
596,721,489,585,711,628,716,760,723
597,706,494,602,743,643,711,783,721
598,686,489,600,744,627,716,759,724
599,719,492,588,748,615,711,774,688
600,733,494,593,727,661,705,767,723
601,697,496,615,729,637,725,753,674
602,717,491,598,701,624,704,797,709
603,699,508,615,712,642,691,785,697
604,700,479,600,749,643,697,795,710
605,703,490,607,732,640,715,771,706
606,708,529,612,728,634,700,761,661
607,710,548,594,762,638,713,795,672
608,702,508,602,760,634,709,774,659
609,725,469,601,770,626,691,791,687
610,692,513,626,795,630,688,777,680
611,723,487,584,773,631,702,780,714
612,749,506,605,761,630,713,740,702
613,693,495,591,744,621,709,753,726
614,720,507,606,748,626,713,758,688
615,702,539,596,751,642,725,777,696
616,711,520,607,776,632,726,758,683
617,736,533,603,759,642,709,762,693
618,698,501,581,753,650,700,776,691
619,700,500,603,784,624,725,788,672
620,691,526,577,779,637,724,794,676
621,719,540,593,742,643,700,789,685
622,702,512,604,786,623,720,777,703
623,696,541,613,799,650,711,818,681
624,719,537,600,757,630,709,807,691
625,729,536,601,776,643,686,816,704
626,729,520,588,756,628,700,798,682
627,723,540,581,760,644,707,798,712
628,678,538,592,772,633,734,804,686
629,715,536,578,766,650,705,809,686
630,711,557,600,753,650,703,783,701
631,708,532,583,716,643,697,785,686
632,688,532,610,716,641,678,798,697
633,694,535,600,700,642,696,802,691
634,705,517,592,709,642,691,778,690
635,694,526,595,718,641,696,772,686
636,709,500,616,695,640,673,798,700
637,708,525,590,696,634,699,799,688
638,724,497,585,723,631,697,794,688
639,701,520,597,677,658,676,777,689
640,711,511,593,743,644,698,777,676
641,712,518,599,760,626,670,775,663
642,720,511,597,729,634,680,775,681
643,707,530,599,747,618,671,768,694
644,708,505,589,719,646,672,760,676
645,710,514,595,741,645,673,766,688
646,690,499,587,762,616,686,756,707
647,703,492,597,758,627,684,768,677
648,731,504,604,712,642,695,754,675
649,722,513,620,755,621,695,765,660
650,695,518,602,745,614,681,758,681
651,720,512,601,747,640,692,750,669
652,701,499,630,749,619,693,766,676
653,679,497,590,758,634,683,745,670
654,709,511,584,752,636,678,750,695
655,712,516,598,749,633,700,771,678
656,698,507,584,746,633,685,756,701
657,715,507,615,758,625,681,775,700
658,695,524,583,773,605,713,753,688
659,703,530,602,772,651,710,770,683
660,724,501,620,774,630,715,774,719
661,713,534,611,798,625,701,746,700
662,696,515,623,792,646,680,755,714
663,703,501,584,792,641,703,771,749
664,694,505,576,784,633,674,774,742
665,710,522,596,786,615,696,773,743
666,697,525,584,806,629,702,757,732
667,724,530,600,819,624,695,735,746
668,713,514,597,779,635,697,720,750
669,721,477,597,781,605,694,729,700
670,697,487,586,795,629,721,754,711
671,697,495,594,788,637,721,781,710
672,708,495,593,782,631,719,768,695
673,693,492,572,794,646,707,752,709
674,700,507,596,785,652,698,716,719
675,714,502,602,788,651,698,729,706
676,693,511,600,803,614,709,735,703
677,708,480,588,780,610,699,719,696
678,725,496,595,790,651,688,741,730
679,718,494,593,788,622,698,737,727
680,709,498,591,782,612,697,732,725
681,685,486,594,788,619,697,758,725
682,707,496,573,784,641,699,742,738
683,699,493,596,763,627,706,720,758
684,726,479,597,779,637,686,745,745
685,708,501,593,803,634,674,767,766
686,717,488,597,793,636,685,744,746
687,733,498,585,793,652,676,763,734
688,737,477,581,783,636,686,776,733
689,707,500,569,801,624,694,759,728
690,708,499,599,801,643,703,742,718
691,717,502,586,795,647,679,759,706
692,738,494,606,797,640,693,768,732
693,733,482,600,807,633,676,768,726
694,738,505,618,811,638,676,770,725
695,719,501,618,791,654,661,786,709
696,703,503,575,777,646,677,786,697
697,693,521,583,799,643,679,776,696
698,726,487,584,793,642,685,770,693
699,692,491,613,795,615,687,757,708
700,701,479,584,794,625,690,775,711
701,714,487,578,808,636,708,758,716
702,728,487,569,797,644,668,758,691
703,721,475,618,798,630,681,758,704
704,712,503,578,813,641,706,760,699
705,719,499,590,778,633,702,764,721
706,715,499,604,790,653,703,776,734
707,706,506,601,793,636,700,763,713
708,717,493,616,812,639,705,782,735
709,712,506,607,785,628,731,769,727
710,711,510,575,786,635,739,771,724
711,698,496,574,791,649,722,753,746
712,702,498,598,779,628,695,770,716
713,694,502,610,776,638,710,768,687
714,718,509,620,809,620,700,743,727
715,705,493,593,766,629,701,743,750
716,707,492,589,778,637,690,751,720
717,713,486,599,782,642,706,771,718
718,718,513,587,769,629,718,780,702
719,691,484,590,749,630,704,754,746
720,707,496,576,781,635,736,782,710
721,698,491,598,761,644,705,772,728
722,699,494,599,737,641,685,790,703
723,703,512,596,726,630,699,809,736
724,690,515,591,699,621,701,762,717
725,713,485,594,704,628,677,789,738
726,709,503,587,710,624,702,770,744
727,716,487,594,711,637,683,824,743
728,741,497,594,710,638,675,790,745
729,724,505,590,711,628,688,792,765
730,704,500,591,716,618,708,820,728
731,688,490,598,728,640,704,821,727
732,705,493,578,739,627,705,793,750
733,727,488,647,750,612,698,817,744
734,716,516,608,749,654,712,756,716
735,733,505,597,746,637,699,757,733
736,687,513,579,732,639,694,796,733
737,718,497,603,710,623,686,773,727
738,729,534,587,791,636,694,765,735
739,695,496,589,802,639,709,799,691
740,736,487,591,800,634,709,797,696
741,707,499,618,772,635,694,773,701
742,728,495,590,787,623,685,794,706
743,729,496,611,793,633,691,762,715
744,707,485,590,798,651,710,763,732
745,699,510,591,788,634,680,762,706
746,722,488,599,801,624,681,788,705
747,722,498,601,801,629,722,788,721
748,695,508,589,782,637,700,786,707
749,724,505,616,801,632,691,779,707
750,709,501,594,793,620,688,795,693
751,703,500,588,794,625,709,774,718
752,708,475,583,794,625,681,815,707
753,688,494,601,802,617,689,808,718
754,692,506,607,787,623,696,798,717
755,686,496,605,804,640,685,768,748
756,724,472,582,783,626,688,797,760
757,684,491,599,791,647,703,828,717
758,685,490,593,771,619,730,793,693
759,693,510,580,781,651,686,809,722
760,689,507,585,767,647,692,801,740
761,679,507,574,776,639,676,775,728
762,689,502,602,789,644,673,784,746
763,692,509,595,802,645,677,801,709
764,704,489,574,795,637,699,804,700
765,710,487,578,804,647,700,781,692
766,716,501,587,828,627,697,816,695
767,699,505,583,812,627,710,795,708
768,706,502,570,798,625,701,805,705
769,700,482,599,798,628,689,803,684
770,685,523,578,799,637,677,763,709
771,709,481,582,792,617,690,759,714
772,686,507,577,778,611,708,757,704
773,694,510,590,801,631,687,738,704
774,696,497,586,795,623,691,726,712
775,671,500,579,774,636,692,773,752
776,692,503,588,800,626,692,757,746
777,692,504,589,788,614,693,780,739
778,687,517,583,791,626,687,780,752
779,699,509,583,799,619,670,792,721
780,685,494,568,799,642,686,794,703
781,682,520,562,791,627,660,799,701
782,677,498,600,780,637,708,811,707
783,693,506,599,768,627,701,763,707
784,668,515,576,768,641,699,797,723
785,688,509,596,766,628,688,791,716
786,709,506,573,783,655,683,828,716
787,691,498,600,762,641,696,798,749
788,682,504,597,791,627,714,797,711
789,693,496,571,787,635,725,771,698
790,704,504,589,773,628,700,751,711
791,674,488,591,784,619,722,781,733
792,677,518,588,783,639,712,799,732
793,675,492,580,770,630,705,776,733
794,674,510,576,755,619,703,765,717
795,718,506,592,775,633,715,755,745
796,700,510,594,778,622,707,739,731
797,692,504,576,794,624,712,757,741
798,689,479,599,801,628,720,756,728
799,681,534,611,792,628,717,745,731
800,695,498,590,772,648,698,758,759
801,689,505,592,799,628,705,757,737
802,694,498,592,792,623,719,763,734
803,686,497,602,782,618,705,754,748
804,673,491,574,771,635,727,764,737
805,692,510,587,778,617,723,752,744
806,674,502,593,765,634,722,726,750
807,701,480,604,798,631,716,745,754
808,695,497,583,775,631,732,740,738
809,685,491,592,753,632,737,779,774
810,690,519,588,757,616,720,785,716
811,683,504,579,771,634,717,765,706
812,680,515,604,788,629,722,749,699
813,670,488,599,775,625,719,758,704
814,685,517,608,760,639,720,794,709
815,675,501,587,742,628,723,785,744
816,708,478,594,779,653,729,759,725
817,698,502,577,775,630,730,752,718
818,702,507,588,767,622,723,765,728
819,700,506,586,745,632,719,760,704
820,687,501,607,751,629,713,740,727
821,680,506,570,746,644,732,748,725
822,722,513,591,729,619,718,748,718
823,695,499,587,716,622,721,758,726
824,707,503,614,705,629,705,778,719
825,708,508,608,709,638,712,801,738
826,709,495,608,705,616,712,764,739
827,708,509,587,705,625,722,800,720
828,709,488,562,729,637,734,784,745
829,709,514,572,677,643,739,791,746
830,712,492,601,690,627,724,762,731
831,695,486,582,703,640,743,763,734
832,708,491,598,685,624,732,766,725
833,693,517,592,685,632,741,741,747
834,693,508,571,707,641,726,756,755
835,715,477,583,688,649,746,774,727
836,666,504,573,680,632,711,747,730
837,676,490,592,692,637,723,754,720
838,696,487,590,715,634,706,754,735
839,703,517,578,695,634,710,768,714
840,691,516,565,722,644,705,754,703
841,694,508,580,721,614,714,743,708
842,751,504,565,673,640,728,767,697
843,687,498,587,709,642,740,777,709
844,706,496,580,702,634,725,746,715
845,698,503,587,697,625,715,756,703
846,695,486,573,699,627,721,741,723
847,710,501,567,722,623,705,732,721
848,715,509,574,697,611,708,745,719
849,692,503,601,714,633,710,750,704
850,704,511,556,734,624,722,763,705
851,706,494,584,689,623,713,771,716
852,688,486,579,737,638,715,770,713
853,688,496,588,742,631,726,748,702
854,688,465,587,723,646,707,753,743
855,699,500,592,749,626,748,778,691
856,703,490,586,734,616,725,760,722
857,713,517,590,771,634,734,776,723
858,698,518,565,778,613,722,763,693
859,704,474,588,775,628,730,776,761
860,686,477,566,781,645,729,739,713
861,673,495,593,752,624,714,783,704
862,694,505,593,772,619,715,770,727
863,683,482,617,791,620,724,762,720
864,703,487,576,773,619,721,777,719
865,705,496,622,763,620,694,772,703
866,682,501,593,786,627,693,769,700
867,694,500,618,775,647,729,758,704
868,686,495,577,802,629,717,787,718
869,702,490,608,785,647,719,762,698
870,687,491,616,793,638,723,777,722
871,701,502,608,785,619,709,751,715
872,706,492,598,772,633,748,738,704
873,711,489,610,773,625,742,753,683
874,694,506,613,761,624,720,769,722
875,712,499,617,782,612,729,736,706
876,700,499,596,780,633,730,749,730
877,698,486,602,800,635,701,750,698
878,691,507,577,756,634,725,755,738
879,708,507,590,785,615,719,763,730
880,690,501,591,783,634,742,757,713
881,679,482,565,776,640,736,777,759
882,703,496,589,779,618,714,768,725
883,707,496,592,787,627,716,763,765
884,705,502,592,784,626,727,741,745
885,715,501,585,773,616,717,779,734
886,698,477,584,778,617,705,799,742
887,706,482,579,773,618,699,756,724
888,707,506,616,785,638,712,795,726
889,691,510,598,781,614,714,784,697
890,707,510,604,778,623,702,788,699
891,695,505,588,790,629,715,800,725
892,696,483,617,781,605,722,787,732
893,690,489,595,791,614,718,810,725
894,658,502,598,782,620,703,814,744
895,718,494,600,786,630,718,804,747
896,683,489,602,776,624,710,831,711
897,699,495,582,779,643,710,754,727
898,673,495,603,786,646,721,758,741
899,675,490,604,808,611,712,801,745
900,651,488,578,792,621,721,742,714
901,668,499,604,788,629,723,788,729
902,666,492,595,799,630,729,752,717
903,648,504,633,786,646,705,764,731
904,662,501,614,808,620,726,761,709
905,652,526,590,796,623,729,757,722
906,653,499,580,789,627,721,751,719
907,635,502,605,793,624,729,783,726
908,682,485,595,788,636,730,769,701
909,673,496,616,764,613,718,767,717
910,697,462,591,772,615,724,761,727
911,680,497,609,778,647,734,756,723
912,704,483,614,789,642,721,814,698
913,667,502,586,787,630,718,807,724
914,679,491,581,772,636,729,797,711
915,687,492,588,774,642,725,796,707
916,700,500,598,792,613,727,798,723
917,697,509,621,793,622,716,805,729
918,673,513,620,771,638,712,790,708
919,671,497,586,785,652,700,817,705
920,684,502,608,782,661,718,758,698
921,659,499,594,759,635,728,790,695
922,662,497,610,764,635,738,754,723
923,667,476,636,781,614,724,807,712
924,694,494,607,773,630,709,767,710
925,671,491,631,783,633,736,804,716
926,665,503,620,756,631,714,825,714
927,672,499,602,787,644,704,803,706
928,679,496,607,761,637,718,789,733
929,670,476,605,799,639,702,738,694
930,652,493,600,791,638,746,760,699
931,688,477,613,781,642,716,737,703
932,643,502,608,811,633,723,732,708
933,672,486,575,768,639,707,770,699
934,681,493,594,793,640,703,752,711
935,668,506,582,783,647,710,751,707
936,670,500,575,769,629,728,751,689
937,680,493,595,771,647,724,761,720
938,687,517,602,803,629,742,754,715
939,648,517,582,768,650,705,732,714
940,664,516,617,765,626,717,744,746
941,669,504,593,788,637,720,764,694
942,663,504,605,789,634,714,758,723
943,660,508,588,767,631,718,768,731
944,653,516,589,795,650,708,763,729
945,661,494,575,788,623,726,763,713
946,668,489,602,793,638,702,762,715
947,660,499,599,777,629,716,748,725
948,665,506,594,790,605,725,788,731
949,648,503,588,800,654,720,797,735
950,654,516,575,764,627,715,776,721
951,639,507,593,785,638,718,783,728
952,665,514,589,761,647,716,787,699
953,667,481,608,779,642,714,752,735
954,668,501,591,786,618,712,749,715
955,646,510,602,773,632,725,784,714
956,673,477,587,769,616,726,772,722
957,678,492,581,747,641,703,744,734
958,654,502,580,755,660,718,755,721
959,650,503,591,737,654,699,754,725
960,666,499,578,726,617,707,766,698
961,650,491,586,702,616,715,773,725
962,662,481,590,701,639,700,753,730
963,660,490,620,713,636,732,769,744
964,658,504,587,727,647,713,784,742
965,645,499,591,736,647,727,771,710
966,658,499,590,737,625,711,785,730
967,656,488,583,744,631,714,760,721
968,642,476,574,719,626,716,737,725
969,661,469,567,731,640,722,754,711
970,665,494,570,729,604,690,769,758
971,657,487,594,719,629,727,755,728
972,689,518,586,733,638,700,771,744
973,692,511,591,715,635,719,739,723
974,707,488,577,715,642,732,736,732
975,676,511,594,754,629,735,743,716
976,677,486,598,746,637,722,706,739
977,695,486,573,748,637,726,723,741
978,677,489,575,695,627,729,734,726
979,670,494,573,688,633,691,719,720
980,661,480,590,701,620,712,713,746
981,693,497,588,703,631,724,740,712
982,704,485,577,716,622,709,744,706
983,687,508,590,740,645,712,743,720
984,694,504,575,714,643,728,758,737
985,699,483,577,750,636,730,746,730
986,704,503,576,698,642,723,731,738
987,674,480,580,686,630,724,770,732
988,674,484,582,672,635,717,750,710
989,678,480,576,672,672,738,764,716
990,701,482,586,684,640,720,753,707
991,689,492,563,680,635,721,774,737
992,723,498,580,666,651,739,764,725
993,709,492,579,677,635,721,762,709
994,690,488,587,667,622,720,769,728
995,692,516,588,692,646,705,772,719
996,674,493,589,698,645,698,776,719
997,672,496,585,709,644,704,762,733
998,670,514,582,722,661,714,755,734
999,654,494,583,700,637,708,750,698
1000,649,484,578,735,635,708,761,719
1001,668,481,590,701,649,721,762,719
1002,655,530,595,683,625,717,766,732
1003,660,494,605,686,634,716,768,721
1004,648,497,593,722,631,710,806,711
1005,654,521,598,700,632,727,802,727
1006,665,501,582,665,621,711,791,734
1007,671,495,578,678,614,710,779,741
1008,664,495,582,670,645,714,773,732
1009,658,494,581,678,631,725,751,731
1010,658,476,597,670,644,682,747,767
1011,678,477,601,661,650,737,756,746
1012,650,499,584,666,616,713,769,746
1013,681,506,605,667,626,739,759,741
1014,648,485,600,662,620,713,756,718
1015,650,501,601,642,632,726,760,705
1016,657,516,617,658,625,713,773,728
1017,637,522,597,642,609,715,739,712
1018,654,491,595,661,619,712,772,737
1019,651,488,595,688,615,727,759,736
1020,652,480,589,687,623,737,787,724
1021,660,480,604,678,631,714,732,751
1022,662,474,582,682,594,703,788,729
1023,671,491,598,700,616,697,772,714
1024,637,499,616,710,596,694,768,735
1025,666,485,617,693,627,726,771,713
1026,646,493,602,680,606,694,769,746
1027,660,475,612,701,617,736,782,716
1028,654,484,608,670,614,742,764,710
1029,657,484,610,690,619,703,753,708
1030,652,465,633,679,631,703,764,721
1031,663,498,606,663,625,717,751,730
1032,657,495,611,671,618,728,776,710
1033,660,496,596,674,645,708,750,717
1034,652,495,611,696,617,735,771,717
1035,665,504,589,689,620,717,737,703
1036,655,516,601,672,640,708,743,709
1037,644,487,569,659,611,724,753,732
1038,649,502,587,642,620,729,754,720
1039,667,507,607,646,608,748,752,722
1040,653,488,585,669,591,705,762,717
1041,656,510,596,635,627,711,743,715
1042,665,501,593,653,627,706,770,715
1043,653,497,589,671,599,732,783,712
1044,653,490,592,626,627,715,751,748
1045,650,500,595,661,647,696,762,711
1046,658,512,598,661,624,714,775,707
1047,678,523,619,649,615,719,786,697
1048,682,514,608,666,631,725,773,712
1049,680,510,619,695,652,715,770,737
1050,659,502,610,655,633,716,762,703
1051,668,500,610,674,629,717,753,703
1052,645,512,606,681,631,737,764,719
1053,632,498,622,646,622,724,769,723
1054,651,500,595,675,650,723,759,713
1055,664,485,610,668,636,694,768,720
1056,667,493,586,710,645,739,772,716
1057,661,520,589,655,614,723,764,718
1058,674,507,595,642,646,710,801,699
1059,663,530,594,644,628,725,795,723
1060,663,541,620,690,617,704,804,717
1061,672,565,599,711,640,730,768,717
1062,664,541,594,681,646,705,781,706
1063,642,550,585,678,634,735,808,716
1064,634,521,595,661,625,719,793,739
1065,656,532,592,681,639,715,775,714
1066,651,517,554,674,629,703,776,711
1067,662,512,599,641,635,734,795,713
1068,655,499,596,664,639,707,784,738
1069,651,533,590,658,660,725,771,733
1070,656,567,595,660,653,694,769,729
1071,648,556,590,657,618,687,791,727
1072,659,536,612,682,630,717,780,725
1073,686,524,604,671,622,724,798,713
1074,659,533,578,689,630,714,788,720
1075,664,548,590,700,642,719,773,721
1076,642,536,595,694,618,711,799,713
1077,668,504,586,690,633,705,776,726
1078,668,500,583,727,634,720,785,705
1079,672,506,593,726,629,722,776,739
1080,660,507,628,709,620,715,796,729
1081,665,484,586,684,617,711,795,729
1082,643,502,603,664,668,722,810,727
1083,661,498,608,663,637,716,778,731
1084,652,493,599,696,605,714,765,732
1085,659,496,596,692,626,714,803,720
1086,645,490,601,688,626,717,779,740
1087,636,505,614,679,623,711,791,694
1088,659,509,616,684,638,724,812,711
1089,649,515,593,701,624,721,783,736
1090,633,489,622,694,618,751,811,727
1091,668,506,597,659,621,727,764,715
1092,652,514,606,669,602,718,814,715
1093,630,502,611,659,615,737,749,733
1094,655,520,586,662,629,726,786,708
1095,658,499,617,684,634,725,823,716
1096,649,526,605,661,619,733,824,720
1097,642,502,610,672,624,718,796,723
1098,645,511,617,677,634,720,827,737
1099,677,489,599,660,620,730,769,728
1100,676,502,580,661,641,721,769,743
1101,657,508,592,669,613,712,780,722
1102,662,504,593,683,640,724,751,729
1103,639,509,621,687,621,715,775,769
1104,653,522,611,697,615,715,781,724
1105,656,489,607,709,616,728,766,729
1106,666,513,596,697,625,704,820,738
1107,657,491,617,701,640,722,796,753
1108,654,511,591,733,615,721,774,722
1109,650,518,611,761,629,731,761,712
1110,663,514,597,744,626,708,773,716
1111,656,508,579,732,609,713,791,759
1112,661,523,584,781,624,715,771,756
1113,653,507,595,758,616,709,813,733
1114,638,512,596,730,628,729,796,748
1115,651,499,606,723,607,723,762,768
1116,652,498,579,723,609,709,775,737
1117,649,503,571,782,614,716,764,743
1118,658,503,612,802,626,739,758,738
1119,657,524,599,782,604,719,746,749
1120,646,496,573,758,613,715,752,766
1121,652,510,613,775,620,717,758,736
1122,655,518,626,781,626,738,758,756
1123,675,508,590,749,624,716,747,700
1124,640,499,588,738,631,727,752,715
1125,671,514,568,674,619,720,777,723
1126,652,514,585,692,630,718,781,703
1127,668,518,600,727,604,726,760,712
1128,669,504,613,732,627,711,765,712
1129,658,513,597,694,651,737,793,734
1130,654,504,588,700,622,715,743,745
1131,676,516,590,687,609,711,744,750
1132,657,519,592,677,626,732,753,753
1133,641,517,609,673,603,752,727,742
1134,648,496,582,693,611,724,730,728
1135,667,522,599,677,609,731,706,737
1136,667,495,582,700,633,730,724,709
1137,663,503,581,675,637,715,726,722
1138,656,522,594,723,619,727,716,733
1139,656,513,594,744,626,711,715,729
1140,649,504,617,733,621,737,725,725
1141,666,504,605,768,642,724,706,742
1142,661,506,579,752,627,732,705,754
1143,689,519,572,753,640,720,713,730
1144,692,500,597,729,636,734,716,770
1145,690,512,602,755,613,737,710,741
1146,667,503,584,747,624,721,708,747
1147,653,498,607,737,627,699,737,744
1148,672,528,585,733,619,745,731,739
1149,651,523,592,765,622,711,714,745
1150,675,497,615,729,622,717,721,743
1151,665,534,619,711,635,734,727,734
1152,657,500,600,727,639,712,747,778
1153,658,516,602,699,653,710,755,745
1154,686,500,606,733,634,711,771,751
1155,668,517,598,741,648,725,770,748
1156,667,500,596,721,637,730,773,749
1157,656,498,600,737,651,708,760,750
1158,674,499,614,816,653,711,771,753
1159,669,509,589,762,634,753,789,738
1160,671,527,591,718,632,728,783,748
1161,682,503,602,741,642,734,786,730
1162,669,525,594,781,642,707,774,759
1163,673,505,596,747,623,734,751,737
1164,704,516,620,772,638,716,789,744
1165,680,520,592,773,644,711,785,748
1166,683,513,607,768,622,708,769,730
1167,698,507,611,765,636,707,778,742
1168,679,530,613,786,648,717,775,717
1169,661,528,591,778,636,706,790,725
1170,677,501,595,782,633,688,782,726
1171,669,516,581,785,626,718,780,725
1172,691,494,598,784,637,731,779,735
1173,656,505,584,764,629,708,765,729
1174,679,513,606,786,629,693,777,739
1175,669,504,598,781,647,694,790,736
1176,692,510,583,793,632,721,774,723
1177,694,524,589,765,640,691,764,740
1178,701,501,595,795,658,701,811,753
1179,705,508,609,793,647,700,773,688
1180,681,499,589,775,649,715,794,728
1181,670,509,589,762,654,718,790,729
1182,679,504,599,808,648,720,776,731
1183,706,513,600,765,642,718,771,742
1184,696,517,601,785,633,706,768,721
1185,680,521,584,775,647,726,772,723
1186,687,507,586,782,637,730,764,753
1187,678,494,585,772,634,729,743,726
1188,690,509,597,782,641,724,739,762
1189,680,509,603,791,635,728,746,751
1190,696,513,605,775,617,730,719,714
1191,672,496,606,787,651,716,721,713
1192,678,512,599,791,630,722,713,712
1193,677,501,608,765,628,722,727,728
1194,694,517,608,771,631,725,710,750
1195,687,510,613,756,642,722,736,712
1196,708,531,625,764,630,733,748,727
1197,688,507,591,722,627,712,732,746
1198,679,502,601,762,630,723,761,705
1199,690,523,573,743,626,746,729,751
1200,698,497,573,755,617,718,757,752
1201,667,516,586,771,633,710,740,731
1202,696,501,589,791,633,737,737,711
1203,696,522,603,763,635,740,735,690
1204,686,538,582,769,638,723,702,701
1205,695,542,593,771,624,702,714,674
1206,715,506,606,768,613,713,728,733
1207,693,511,582,772,633,736,735,730
1208,678,491,563,749,627,726,734,718
1209,676,503,618,751,628,681,740,727
1210,671,496,602,728,613,719,780,685
1211,680,514,606,702,618,717,746,718
1212,668,508,601,708,655,705,761,714
1213,653,505,614,710,634,719,718,684
1214,652,510,603,704,635,693,763,691
1215,670,493,604,711,628,720,740,708
1216,670,509,587,788,625,709,752,743
1217,682,494,605,798,616,728,760,737
1218,713,512,615,756,648,706,749,741
1219,675,510,615,752,646,707,732,739
1220,701,502,607,774,616,723,747,725
1221,714,512,615,772,631,720,762,737
1222,717,513,635,782,643,711,775,713
1223,676,524,602,764,640,696,768,729
1224,682,505,579,784,615,686,760,707
1225,673,514,603,777,633,727,765,753
1226,694,513,601,779,627,721,779,691
1227,708,515,602,771,628,681,769,729
1228,695,511,587,779,624,695,800,731
1229,708,496,604,805,629,703,776,723
1230,686,499,588,781,628,707,776,724
1231,676,504,588,779,638,712,781,711
1232,707,499,593,770,634,710,768,712
1233,694,514,586,765,646,716,747,710
1234,678,509,588,756,656,712,763,726
1235,698,507,577,793,627,700,710,723
1236,689,508,579,804,616,718,736,718
1237,702,507,587,782,625,717,776,718
1238,718,497,578,788,622,720,750,728
1239,698,508,577,794,623,734,780,706
1240,696,509,590,778,617,725,780,714
1241,709,544,567,768,615,708,743,682
1242,689,528,593,787,628,722,773,713
1243,683,533,602,789,632,714,739,703
1244,679,519,567,774,639,721,777,712
1245,686,509,582,796,619,718,763,698
1246,697,497,592,801,624,702,768,713
1247,696,502,590,807,624,715,764,706
1248,693,533,578,765,635,712,765,709
1249,678,540,603,795,634,711,761,706
1250,699,531,609,787,640,709,752,726
1251,707,540,585,780,638,714,718,702
1252,706,513,582,788,647,686,723,705
1253,706,511,584,798,645,704,716,711
1254,753,504,582,786,649,708,723,697
1255,720,522,587,773,645,703,733,704
1256,689,504,617,794,627,681,706,704
1257,679,499,588,779,637,672,737,714
1258,708,485,579,786,622,703,724,716
1259,701,513,589,772,624,693,720,721
1260,696,510,598,761,630,711,744,764
1261,691,516,583,785,631,701,772,699
1262,724,485,594,804,630,736,750,704
1263,697,523,575,770,627,689,769,708
1264,675,521,581,770,649,713,776,712
1265,672,515,594,786,635,712,799,710
1266,705,503,589,790,643,698,769,689
1267,697,519,593,786,632,698,761,712
1268,731,527,573,793,623,711,754,736
1269,707,491,621,789,620,693,781,733
1270,679,488,601,809,615,677,793,698
1271,704,502,614,782,637,698,746,694
1272,693,525,578,792,629,700,760,707
1273,725,498,601,806,644,698,706,721
1274,695,493,577,786,663,694,745,686
1275,692,498,585,791,641,684,706,736
1276,702,524,587,777,636,714,735,732
1277,714,536,602,769,643,731,705,726
1278,702,501,598,772,647,730,710,723
1279,704,496,573,800,634,713,730,716
1280,726,508,591,794,636,727,732,721
1281,704,504,593,794,632,708,754,712
1282,708,512,599,766,645,742,740,708
1283,725,496,562,781,631,719,739,722
1284,684,505,605,773,616,716,720,722
1285,718,523,578,776,639,699,728,725
1286,719,511,595,792,642,706,752,710
1287,719,504,577,775,636,701,729,729
1288,715,527,587,792,638,693,752,727
1289,730,525,613,784,627,695,728,730
1290,746,514,586,792,627,711,760,711
1291,714,527,577,780,646,729,767,724
1292,713,511,590,788,659,709,758,689
1293,715,526,608,783,630,707,759,712
1294,698,510,609,787,640,694,738,750
1295,702,490,609,766,656,718,754,756
1296,659,531,599,781,639,722,724,746
1297,665,513,591,781,628,706,741,725
1298,677,518,595,767,624,701,748,713
1299,679,523,583,806,653,717,759,700
1300,686,510,616,796,647,720,794,693
1301,665,483,612,755,638,701,774,723
1302,714,499,589,816,627,727,757,725
1303,688,500,599,769,644,741,731,717
1304,689,531,579,765,637,725,732,718
1305,703,510,579,790,660,731,744,731
1306,678,506,586,797,646,707,741,715
1307,718,527,584,786,650,720,768,707
1308,679,512,603,761,635,724,730,707
1309,684,525,587,776,640,711,710,727
1310,677,509,578,769,622,726,777,723
1311,669,510,584,774,627,723,750,732
1312,674,524,587,766,629,714,738,730
1313,657,512,580,781,635,708,739,717
1314,656,524,581,762,643,724,725,711
1315,666,527,586,788,639,727,731,721
1316,665,507,608,750,628,741,728,742
1317,651,519,603,792,613,720,738,729
1318,650,520,590,778,639,711,764,706
1319,674,501,578,772,641,726,724,762
1320,654,504,599,769,635,702,727,750
1321,645,486,571,745,622,713,765,748
1322,638,504,568,749,648,718,751,726
1323,655,523,566,789,636,722,762,745
1324,645,528,591,787,632,724,807,742
1325,645,501,579,788,634,731,781,754
1326,635,509,570,745,645,714,791,733
1327,666,504,585,748,626,707,805,739
1328,658,513,583,763,630,702,788,721
1329,664,502,582,743,633,706,827,708
1330,641,509,585,724,613,728,809,717
1331,658,514,595,716,644,720,778,722
1332,670,527,595,712,629,735,798,706
1333,671,503,584,740,633,703,804,733
1334,669,501,604,731,621,708,770,732
1335,669,530,575,719,630,719,805,754
1336,676,537,579,765,628,725,788,734
1337,679,497,587,751,627,719,811,727
1338,670,499,591,752,627,721,787,746
1339,701,504,592,686,639,713,732,733
1340,673,484,572,670,618,708,766,704
1341,690,502,574,680,616,707,761,687
1342,701,507,591,717,625,701,734,706
1343,694,518,598,710,622,732,712,721
1344,705,540,583,695,645,739,752,707
1345,699,493,582,685,625,698,722,708
1346,746,522,589,683,629,708,723,713
1347,702,499,583,671,629,724,740,728
1348,701,500,588,660,619,730,757,719
1349,713,514,596,665,631,709,725,718
1350,710,514,582,650,626,719,697,718
1351,731,504,578,659,640,704,723,717
1352,719,502,580,661,633,697,709,715
1353,708,515,587,670,636,707,729,718
1354,718,515,577,683,638,718,718,703
1355,695,519,579,679,617,687,747,717
1356,727,508,577,694,618,729,723,717
1357,710,519,583,673,639,723,716,729
1358,706,495,587,680,620,724,707,705
1359,732,511,593,665,630,722,716,722
1360,730,512,587,682,638,721,729,685
1361,713,527,593,664,614,721,711,728
1362,717,494,595,654,625,715,753,713
1363,708,516,602,665,634,714,715,729
1364,730,504,602,656,633,724,735,706
1365,707,502,586,640,639,734,742,733
1366,707,506,589,666,646,729,786,705
1367,708,500,572,686,638,720,762,738
1368,722,517,577,695,628,702,760,731
1369,715,507,586,704,610,717,748,745
1370,732,486,611,715,637,723,769,720
1371,720,504,598,710,636,685,767,720
1372,719,511,585,718,630,687,739,705
1373,721,520,586,736,645,716,771,709
1374,721,521,600,722,641,699,774,737
1375,720,512,583,705,615,691,752,722
1376,710,495,576,702,632,683,752,707
1377,720,510,585,718,625,718,789,737
1378,712,504,593,704,637,700,752,727
1379,715,511,592,722,628,702,762,694
1380,713,524,581,699,616,722,774,733
1381,723,502,586,689,637,730,759,722
1382,703,509,593,700,630,730,778,738
1383,697,517,608,702,626,728,791,707
1384,692,518,601,723,609,721,768,727
1385,703,501,596,730,643,702,768,740
1386,719,480,629,735,639,698,757,736
1387,728,501,591,716,610,679,747,733
1388,711,498,590,706,636,717,728,718
1389,727,516,585,699,639,704,772,708
1390,702,505,599,714,621,706,770,725
1391,724,513,601,733,615,704,755,746
1392,701,529,592,767,647,719,721,732
1393,728,512,597,743,612,707,777,718
1394,739,501,600,737,628,725,790,724
1395,691,490,588,748,633,720,749,722
1396,717,489,578,755,626,715,738,723
1397,721,490,562,742,621,719,735,714
1398,712,491,580,740,647,749,770,702
1399,698,496,610,764,635,731,744,729
1400,709,496,588,707,622,738,742,706
1401,707,486,585,741,641,736,731,722
1402,709,492,592,752,648,734,720,704
1403,701,516,578,756,618,709,729,733
1404,722,479,583,759,616,721,720,711
1405,702,512,593,733,618,705,692,707
1406,708,505,599,763,607,738,707,698
1407,699,489,589,773,627,718,702,707
1408,737,482,588,795,634,721,718,736
1409,718,514,606,782,616,722,690,733
1410,733,513,597,771,622,709,703,714
1411,720,507,594,801,613,712,698,716
1412,698,486,584,792,613,713,743,724
1413,731,484,575,786,606,724,710,688
1414,700,519,583,770,621,714,730,703
1415,716,494,598,741,613,734,703,730
1416,715,488,572,776,618,730,705,750
1417,707,505,565,775,625,717,719,724
1418,711,497,562,758,617,720,756,709
1419,692,492,562,745,627,724,725,709
1420,724,489,604,754,609,711,746,717
1421,706,476,582,787,628,720,724,702
1422,709,466,575,763,626,713,771,732
1423,715,473,589,749,619,702,748,708
1424,722,475,585,771,624,729,767,710
1425,716,493,608,756,625,736,722,698
1426,707,486,589,748,630,696,722,709
1427,693,508,576,800,631,734,723,735
1428,706,492,606,742,643,709,710,732
1429,719,505,589,763,609,697,728,732
1430,707,482,595,759,620,703,748,710
1431,724,480,598,744,625,732,745,742
1432,703,497,597,738,629,731,742,735
1433,731,486,569,755,635,719,736,722
1434,749,506,587,723,621,688,730,736
1435,683,496,575,698,618,716,730,700
1436,715,495,581,730,614,715,731,714
1437,702,512,587,679,619,722,712,725
1438,722,486,599,687,626,718,724,719
1439,728,492,598,686,636,754,706,750
1440,725,497,591,660,637,727,730,738
1441,724,484,605,695,615,715,705,727
1442,719,495,574,708,623,715,723,756
1443,748,501,590,707,613,722,723,746
1444,729,508,596,697,603,726,733,743
1445,718,510,600,744,628,716,730,746
1446,710,491,586,682,624,716,748,743
1447,713,503,608,702,637,731,694,721
1448,713,531,570,687,630,735,717,742
1449,720,529,587,718,653,703,737,734
1450,698,536,577,724,630,729,728,739
1451,696,480,584,740,623,725,704,749
1452,711,513,582,743,646,735,703,733
1453,701,519,596,747,629,740,721,729
1454,713,507,572,728,630,750,691,760
1455,710,513,569,760,641,720,708,752
1456,717,531,580,751,609,710,724,743
1457,726,493,563,746,640,706,756,743
1458,686,502,591,766,609,709,693,736
1459,706,530,585,784,633,723,696,747
1460,699,513,575,787,641,703,701,730
1461,698,509,575,786,647,722,707,731
1462,706,495,580,764,623,718,723,746
1463,725,521,598,777,626,728,714,747
1464,702,516,589,760,634,736,702,759
1465,700,515,592,767,637,717,700,754
1466,710,508,584,762,633,731,681,736
1467,722,503,578,742,625,729,719,780
1468,697,508,595,753,648,715,689,716
1469,685,514,588,786,632,709,693,735
1470,677,520,592,717,622,746,699,759
1471,696,515,581,755,621,705,689,739
1472,721,526,588,773,620,720,690,734
1473,690,521,590,765,632,732,697,725
1474,710,496,596,761,606,715,701,740
1475,709,495,592,672,612,719,713,750
1476,724,510,605,672,624,714,702,704
1477,733,505,592,698,629,711,706,726
1478,694,507,623,686,634,714,714,737
1479,727,506,592,693,620,742,733,743
1480,709,491,584,720,617,723,721,716
1481,714,513,600,679,651,715,698,733
1482,705,526,587,770,608,715,696,755
1483,719,502,596,732,645,711,708,754
1484,725,526,590,722,633,731,718,737
1485,696,511,610,713,625,732,721,743
1486,724,508,585,703,644,713,742,750
1487,713,502,578,744,621,728,725,726
1488,715,504,582,730,630,710,752,712
1489,719,509,593,714,627,720,761,733
1490,715,517,581,717,616,713,751,718
1491,715,519,590,734,640,701,764,731
1492,700,521,592,736,648,715,749,737
1493,703,503,576,718,636,711,712,750
1494,732,508,587,700,627,717,724,735
1495,713,506,591,707,639,705,710,746
1496,732,499,579,704,643,715,713,741
1497,704,494,583,708,620,719,720,711
1498,720,509,571,688,624,720,720,730
1499,729,500,595,664,623,730,718,723
