FRAMES,3,4,5,6,7,8,9,10
0,31,12,32,36,34,33,33,35
1,33,15,34,39,32,35,40,38
2,31,11,31,45,29,35,40,32
3,37,19,26,45,35,36,40,36
4,39,20,35,41,27,34,45,38
5,34,15,29,37,32,39,47,39
6,35,15,36,38,27,30,45,38
7,37,14,31,42,29,39,44,42
8,37,17,33,43,30,35,49,45
9,34,19,37,37,34,40,47,41
10,33,20,27,35,29,37,47,40
11,39,21,38,43,25,38,51,40
12,33,19,30,50,27,33,46,42
13,39,21,35,36,33,40,53,44
14,37,20,38,41,24,39,49,47
15,38,16,33,43,34,40,46,42
16,37,21,35,46,26,40,47,38
17,35,20,34,49,31,40,45,42
18,36,22,31,37,27,43,46,45
19,30,23,34,43,27,39,43,41
20,36,21,33,44,29,41,49,46
21,38,20,33,30,27,42,50,42
22,37,26,27,42,42,44,45,44
23,36,21,35,38,31,44,48,42
24,39,24,38,46,31,39,48,40
25,28,24,29,40,27,38,42,41
26,34,21,31,48,32,37,36,40
27,41,23,34,41,25,48,45,38
28,32,28,32,38,31,42,47,38
29,36,23,30,40,27,34,51,44
30,36,22,32,42,31,43,52,48
31,34,25,31,38,27,39,38,37
32,41,22,36,29,27,40,47,35
33,32,23,27,39,32,38,49,42
34,31,24,36,35,28,29,46,33
35,33,24,31,38,27,41,46,38
36,34,21,32,44,29,40,49,36
37,35,26,29,44,28,37,42,35
38,34,20,28,32,25,41,38,37
39,43,26,30,42,25,42,46,38
40,35,23,29,43,27,40,40,44
41,40,25,28,41,32,47,46,46
42,37,22,23,41,29,45,41,45
43,36,25,28,43,33,38,53,39
44,31,26,30,38,34,37,43,43
45,36,24,31,45,37,42,55,45
46,39,21,28,42,28,40,51,40
47,36,24,29,46,34,34,49,42
48,36,21,27,38,36,36,46,40
49,39,22,31,39,34,39,44,45
50,38,20,25,38,32,41,52,43
51,35,24,31,39,32,37,50,39
52,36,24,27,43,34,35,49,44
53,34,25,26,44,29,35,43,42
54,32,24,31,41,32,38,51,39
55,35,24,27,45,27,34,51,40
56,38,24,31,50,29,37,48,39
57,38,25,27,47,28,37,46,41
58,41,24,29,44,30,36,41,39
59,38,27,30,40,31,34,54,39
60,35,24,31,37,30,34,43,35
61,33,21,28,39,32,36,43,38
62,35,25,30,43,32,35,48,39
63,37,23,35,45,30,33,39,44
64,36,23,28,37,31,37,43,46
65,38,21,24,33,29,34,42,41
66,31,25,25,40,33,35,39,44
67,35,25,30,36,27,35,41,39
68,38,27,29,45,33,35,41,51
69,37,19,30,39,28,41,48,44
70,39,19,33,36,25,40,38,47
71,36,22,29,46,28,33,42,32
72,36,22,37,39,31,39,43,40
73,39,26,27,45,27,39,43,46
74,32,20,33,48,30,40,40,40
75,34,25,29,43,28,39,34,38
76,38,21,27,40,26,38,48,36
77,38,25,25,49,33,40,42,45
78,36,21,27,45,31,42,49,41
79,37,23,28,48,26,41,43,40
80,36,23,29,49,32,37,46,43
81,35,21,27,38,30,39,40,46
82,37,22,29,35,29,40,49,48
83,34,22,28,40,29,42,47,49
84,41,26,27,35,31,39,45,39
85,36,27,27,43,32,37,43,38
86,35,29,29,38,33,35,47,39
87,35,23,30,45,30,40,44,39
88,37,24,32,41,32,34,46,44
89,34,22,27,46,32,40,47,44
90,36,23,26,50,31,38,42,36
91,39,20,30,45,36,40,39,41
92,31,26,29,43,28,40,45,41
93,35,24,25,39,33,38,45,37
94,41,20,29,38,26,35,46,42
95,36,24,29,47,27,36,45,41
96,34,24,30,41,28,36,43,40
97,40,23,26,44,30,30,46,37
98,36,29,24,43,33,37,38,44
99,31,22,31,40,36,41,41,42
100,38,21,27,42,29,38,38,44
101,37,22,29,43,32,41,47,37
102,34,25,27,39,35,38,46,41
103,36,25,28,39,36,40,43,37
104,35,24,26,42,34,38,39,48
105,39,28,24,43,34,41,48,38
106,40,24,28,41,32,35,35,47
107,33,24,24,43,31,45,47,36
108,37,22,26,44,33,48,43,41
109,42,24,27,37,28,44,46,42
110,37,21,25,43,33,47,49,36
111,37,21,30,39,32,38,44,44
112,41,24,28,39,27,39,40,42
113,37,23,26,35,32,41,45,39
114,34,23,25,35,28,45,46,44
115,34,23,27,41,29,37,43,42
116,36,27,27,45,24,35,45,37
117,32,24,22,44,33,43,46,42
118,36,24,27,41,27,39,48,36
119,32,27,31,41,27,38,47,33
120,40,23,29,43,28,38,45,39
121,35,25,29,41,28,40,45,43
122,36,15,31,47,32,41,43,37
123,36,19,28,46,37,42,38,42
124,39,21,25,43,32,35,38,37
125,37,21,33,45,32,40,40,43
126,37,22,27,41,37,33,37,42
127,42,27,28,37,32,34,39,45
128,35,28,34,42,35,38,42,41
129,40,21,29,38,28,39,43,54
130,36,21,28,40,32,38,39,40
131,39,26,29,35,28,37,41,41
132,34,28,30,46,31,38,43,42
133,34,23,26,43,29,32,38,39
134,35,27,31,45,28,39,42,44
135,38,25,27,38,26,46,38,50
136,37,20,26,45,29,35,44,44
137,37,23,27,44,30,39,37,44
138,35,27,31,44,27,40,39,45
139,35,24,24,41,30,42,35,47
140,40,26,24,47,28,36,48,38
141,39,24,25,38,28,39,42,41
142,32,21,23,39,33,36,47,42
143,35,21,34,43,25,40,38,39
144,39,26,29,40,30,35,41,40
145,35,25,26,39,30,42,42,43
146,38,22,30,41,34,42,44,45
147,34,22,31,44,32,36,44,45
148,37,25,33,42,26,36,46,40
149,33,29,28,45,31,37,49,36
150,39,28,29,43,30,40,49,38
151,41,31,29,39,31,34,46,37
152,42,22,30,45,29,39,45,45
153,35,24,30,43,28,38,38,42
154,34,24,24,42,31,36,42,41
155,37,22,29,41,28,48,46,40
156,36,25,29,42,31,39,48,42
157,38,23,28,34,30,40,44,39
158,39,24,33,38,24,40,43,45
159,36,28,27,35,28,44,50,37
160,32,27,29,39,25,42,41,44
161,38,23,34,41,28,41,41,45
162,39,22,29,43,32,42,44,40
163,35,18,36,43,29,35,42,39
164,39,23,25,41,30,42,41,42
165,33,22,30,46,34,42,31,36
166,38,26,31,46,34,39,37,42
167,33,27,28,39,36,38,42,42
168,36,25,25,36,27,40,40,41
169,39,22,28,38,36,41,42,42
170,34,18,28,43,27,39,48,46
171,32,23,28,39,35,39,46,44
172,36,19,26,44,34,40,41,46
173,35,21,32,42,36,37,47,42
174,36,24,29,41,29,44,46,43
175,33,27,26,39,25,40,53,37
176,40,26,27,37,31,38,43,39
177,38,22,28,39,30,39,48,32
178,38,29,25,43,38,40,47,40
179,38,22,26,39,35,36,48,41
180,38,25,30,40,29,39,47,37
181,31,23,28,47,29,41,48,40
182,37,28,26,44,29,36,48,42
183,36,21,29,38,33,38,49,40
184,32,26,32,37,33,38,49,45
185,37,21,28,37,35,38,43,36
186,36,23,24,39,27,38,48,35
187,35,17,19,42,31,39,41,36
188,33,27,35,44,34,40,50,38
189,37,24,29,51,38,43,48,40
190,39,25,29,48,33,36,43,43
191,34,23,29,46,31,36,44,39
192,37,23,26,47,37,43,43,44
193,36,24,25,40,32,39,46,47
194,33,24,29,42,29,40,47,45
195,33,26,29,43,32,40,43,41
196,42,25,29,49,36,35,39,44
197,39,22,27,49,32,41,47,42
198,35,25,28,50,32,42,47,40
199,35,22,29,46,30,38,50,38
200,36,26,29,44,32,40,43,44
201,37,26,26,46,33,42,51,47
202,32,25,26,43,30,39,54,45
203,33,25,27,48,26,38,51,49
204,33,26,27,43,31,36,48,47
205,31,27,30,43,29,33,43,47
206,38,22,27,48,28,34,42,48
207,33,24,21,44,34,38,40,40
208,33,25,27,47,26,41,44,52
209,36,21,30,41,34,37,45,47
210,33,26,27,42,32,41,40,45
211,40,25,30,44,34,42,42,45
212,38,22,28,39,39,35,44,45
213,36,25,29,44,38,41,44,43
214,35,23,32,44,35,40,36,47
215,38,25,28,44,34,37,44,39
216,40,23,29,46,34,40,48,40
217,33,27,29,50,34,43,42,43
218,40,22,29,50,33,41,43,44
219,40,22,26,50,33,42,39,44
220,40,22,25,46,32,40,44,45
221,35,27,23,45,33,36,43,42
222,38,21,26,43,30,36,38,38
223,33,29,30,47,32,42,46,38
224,34,25,27,48,29,35,45,39
225,34,27,27,48,26,32,45,41
226,36,21,33,46,26,45,39,39
227,39,30,23,42,33,42,45,45
228,39,23,25,47,29,37,46,38
229,37,22,29,41,28,37,44,39
230,37,25,26,43,29,45,47,39
231,31,27,29,42,30,40,46,41
232,37,23,26,40,31,36,41,36
233,39,25,26,41,34,37,36,42
234,36,26,29,38,29,40,37,40
235,33,27,31,40,33,38,39,38
236,31,25,25,51,30,41,42,38
237,41,25,28,37,28,46,41,39
238,38,23,31,48,30,41,41,41
239,34,23,31,44,29,38,47,40
240,31,25,28,43,24,34,33,41
241,34,28,30,41,29,38,48,35
242,30,23,26,40,26,38,43,37
243,39,24,29,47,30,39,40,38
244,35,27,30,40,26,43,44,46
245,33,26,28,42,30,37,47,43
246,33,23,23,45,29,43,45,44
247,36,24,32,41,34,39,49,39
248,38,24,28,44,26,38,45,42
249,34,26,26,45,30,38,43,40
250,33,25,27,40,28,37,42,40
251,35,26,25,44,32,41,41,46
252,33,25,27,42,34,43,41,39
253,35,18,27,49,31,39,41,42
254,35,28,27,44,32,43,44,47
255,34,25,22,47,32,39,43,39
256,32,20,32,41,27,45,45,47
257,36,21,22,44,23,41,41,37
258,32,22,29,46,30,38,40,39
259,34,22,24,42,33,36,50,39
260,37,23,25,44,36,35,49,41
261,38,19,30,44,26,36,47,36
262,37,23,27,44,27,39,45,40
263,31,22,24,44,32,39,48,40
264,37,21,30,50,32,37,46,35
265,34,27,28,45,27,37,44,38
266,34,24,31,38,28,32,47,41
267,35,24,27,45,34,34,50,35
268,36,24,29,37,32,34,54,39
269,37,26,28,34,31,39,53,46
270,38,22,27,46,29,40,47,44
271,37,26,25,42,32,32,52,45
272,34,24,27,46,31,36,39,38
273,34,20,29,48,28,35,42,38
274,33,27,24,41,38,37,45,36
275,31,21,29,40,28,32,44,43
276,40,20,29,46,33,36,47,43
277,38,22,32,49,30,34,45,47
278,38,18,28,39,24,38,48,41
279,41,25,25,39,29,38,46,40
280,37,30,31,37,29,38,51,45
281,44,26,26,45,25,39,51,41
282,39,28,27,47,28,32,48,45
283,35,23,25,48,29,36,55,39
284,38,28,31,39,28,36,48,38
285,40,25,28,37,29,34,39,42
286,37,21,28,41,28,32,50,42
287,33,22,29,36,33,41,45,42
288,37,17,22,41,31,34,46,45
289,37,24,28,38,30,36,46,36
290,39,21,27,47,30,35,44,44
291,34,26,24,38,33,32,46,42
292,38,25,29,44,25,38,50,40
293,39,21,29,42,31,34,46,41
294,42,21,30,44,31,33,48,37
295,34,21,32,45,33,35,51,39
296,44,21,21,36,29,37,45,37
297,39,20,27,43,34,33,51,35
298,41,27,28,43,28,37,46,36
299,33,26,29,42,28,39,51,39
300,38,24,28,50,31,37,46,40
301,39,26,28,45,27,31,48,42
302,35,19,26,46,27,32,42,40
303,40,23,31,38,25,39,43,42
304,43,22,30,51,27,33,49,38
305,36,25,23,44,32,35,47,42
306,41,27,25,46,31,44,45,42
307,41,26,24,42,35,30,46,45
308,43,23,26,48,31,36,49,34
309,39,28,22,43,32,35,49,41
310,37,24,22,42,35,37,51,39
311,33,27,24,42,22,42,49,39
312,34,23,31,45,28,40,45,36
313,37,26,31,43,29,38,45,42
314,37,19,30,43,26,39,41,38
315,36,23,31,41,27,36,43,44
316,34,24,21,48,33,42,48,53
317,36,23,28,48,32,40,47,42
318,38,20,26,44,33,45,43,43
319,39,22,26,43,32,41,45,44
320,39,22,25,42,31,38,43,39
321,38,23,24,47,33,40,44,45
322,39,27,30,35,38,46,38,39
323,34,24,30,48,30,49,35,43
324,34,22,27,47,29,40,46,46
325,38,27,31,53,30,39,45,43
326,35,26,31,42,34,42,43,42
327,36,23,24,48,34,40,39,40
328,33,19,26,40,35,42,43,47
329,34,22,24,46,34,35,41,39
330,36,28,22,47,35,44,39,45
331,35,25,26,43,29,38,42,40
332,32,23,28,45,27,39,40,43
333,38,24,27,45,32,37,41,41
334,29,25,30,40,30,39,45,46
335,34,24,30,49,23,42,36,46
336,38,23,30,44,33,42,49,44
337,38,25,26,46,31,34,44,39
338,31,27,25,42,30,38,38,42
339,37,25,24,47,31,44,42,45
340,36,19,24,43,35,42,44,45
341,37,22,28,51,30,44,37,43
342,35,19,20,40,30,38,44,47
343,41,20,22,47,27,39,40,49
344,39,21,24,41,30,41,41,43
345,36,21,29,47,27,37,39,43
346,37,22,31,41,27,39,47,40
347,38,19,28,45,28,38,44,38
348,30,23,33,47,33,36,48,46
349,34,22,32,39,28,38,42,45
350,32,27,28,45,31,35,45,43
351,28,19,26,37,29,35,45,45
352,32,23,28,46,30,41,42,44
353,32,22,27,38,28,33,44,40
354,34,24,30,44,36,37,44,41
355,38,26,33,43,25,40,49,41
356,38,27,36,43,31,37,42,40
357,35,27,30,45,34,36,48,47
358,36,26,29,42,30,40,43,48
359,35,24,30,44,31,44,48,46
360,41,24,28,49,24,39,45,42
361,35,19,24,38,31,36,44,44
362,38,20,29,44,31,37,49,45
363,41,23,27,42,30,38,44,35
364,34,21,25,39,26,34,48,48
365,42,22,30,44,28,38,39,37
366,37,20,24,42,28,38,42,44
367,33,20,24,45,32,39,36,38
368,36,22,27,45,32,39,36,46
369,33,18,30,43,30,38,41,40
370,34,24,28,40,29,39,41,42
371,35,25,30,39,35,38,40,46
372,38,23,27,54,26,40,46,39
373,40,18,29,44,27,39,41,41
374,40,23,25,40,27,35,50,42
375,36,25,27,46,26,42,39,39
376,39,17,28,43,31,39,44,40
377,40,24,24,46,31,37,50,44
378,39,23,24,45,32,40,39,34
379,40,21,26,49,27,40,47,43
380,39,24,30,51,28,43,47,43
381,45,21,26,46,30,41,55,42
382,41,23,23,43,25,43,50,40
383,40,23,25,42,30,39,46,37
384,43,24,29,41,28,38,43,41
385,45,22,27,40,26,40,39,36
386,43,17,25,42,29,42,46,50
387,40,21,29,39,30,39,47,44
388,38,27,27,45,32,44,42,40
389,39,26,28,49,30,44,35,42
390,41,21,27,47,31,35,43,45
391,35,20,26,49,26,34,41,39
392,38,19,24,47,25,37,42,34
393,37,20,27,44,33,32,37,43
394,38,18,28,51,27,35,41,38
395,44,18,27,42,28,36,37,45
396,43,17,29,44,32,45,42,41
397,38,16,29,43,29,35,37,38
398,38,20,30,43,27,37,42,47
399,36,22,24,41,29,42,34,45
400,40,25,30,45,29,35,41,42
401,41,26,22,45,29,45,37,45
402,39,29,28,42,31,35,47,46
403,33,32,30,42,29,37,40,51
404,36,24,27,43,27,44,45,37
405,35,27,27,41,25,41,47,38
406,41,24,26,38,28,34,43,42
407,37,23,23,38,26,40,43,44
408,35,25,29,33,30,42,49,38
409,38,27,28,41,27,34,45,39
410,38,28,37,37,33,42,41,42
411,31,22,29,41,29,38,37,43
412,36,25,29,42,27,40,42,48
413,38,27,26,43,30,45,41,43
414,36,28,26,40,32,45,44,41
415,37,25,30,41,30,38,41,43
416,35,26,30,45,32,45,39,42
417,41,28,32,39,28,42,43,42
418,38,27,32,45,34,40,39,39
419,35,20,27,36,32,40,41,37
420,35,21,26,39,30,41,42,34
421,33,25,29,40,27,36,43,35
422,37,24,30,49,24,37,40,45
423,38,23,25,41,26,40,44,39
424,38,26,23,45,28,35,45,41
425,34,24,26,43,27,34,40,32
426,36,30,29,44,27,38,43,33
427,32,25,28,46,28,37,36,41
428,34,26,28,47,26,35,43,36
429,42,27,31,42,28,38,48,38
430,36,18,31,38,24,36,42,45
431,33,19,27,43,32,34,41,43
432,40,27,28,42,26,37,47,41
433,39,22,28,40,28,37,39,41
434,33,23,27,38,31,36,42,40
435,38,24,26,43,33,43,41,36
436,31,29,27,44,32,37,40,43
437,36,23,29,44,27,36,37,44
438,32,24,31,41,33,38,45,41
439,40,28,27,40,27,39,48,45
440,41,22,27,43,28,41,37,41
441,39,24,28,44,28,34,47,45
442,36,18,30,40,27,39,49,39
443,38,17,26,39,29,38,50,41
444,34,19,28,43,33,36,52,41
445,39,22,27,37,36,39,44,42
446,40,20,25,39,33,35,51,45
447,34,17,31,39,30,40,47,41
448,40,17,28,42,36,37,46,47
449,37,20,29,40,33,36,42,46
450,39,16,32,42,34,39,40,41
451,36,18,27,49,32,36,44,39
452,36,18,29,42,30,31,47,37
453,32,18,30,40,28,40,42,46
454,36,20,33,38,28,35,41,41
455,37,21,28,44,30,32,44,42
456,32,19,27,42,27,36,44,42
457,36,18,21,46,27,40,43,40
458,37,21,30,43,32,38,47,44
459,34,17,27,48,26,36,47,42
460,38,17,28,45,27,38,45,40
461,36,22,23,44,30,43,44,43
462,37,15,30,45,28,40,47,39
463,37,21,26,39,29,40,47,49
464,35,19,26,43,30,42,47,38
465,35,21,30,45,32,38,48,43
466,38,25,31,47,29,39,46,43
467,39,25,27,41,27,39,47,53
468,38,24,21,49,29,39,42,46
469,37,18,28,43,30,32,46,48
470,33,19,19,42,25,33,45,41
471,34,18,26,44,25,38,41,46
472,32,23,25,46,30,45,43,45
473,36,20,21,47,31,39,42,38
474,34,21,22,42,31,39,40,41
475,32,24,23,46,32,40,55,46
476,35,23,23,41,26,35,49,45
477,33,28,20,51,36,41,41,42
478,33,23,25,46,26,39,43,41
479,33,17,27,44,32,36,48,35
480,38,20,24,38,31,40,41,45
481,35,24,24,46,30,30,42,40
482,36,23,25,36,30,35,50,46
483,39,26,23,43,32,37,45,44
484,39,21,22,45,27,38,42,47
485,37,20,25,46,29,37,50,41
486,33,26,23,51,35,37,38,44
487,36,24,24,41,29,37,52,45
488,37,18,23,45,31,32,54,42
489,38,24,36,41,32,34,48,41
490,39,23,21,45,24,39,43,38
491,37,18,22,40,27,34,42,44
492,33,24,21,37,35,39,39,37
493,39,22,22,44,26,40,38,46
494,39,25,22,43,33,38,38,41
495,38,30,19,40,31,39,35,38
496,37,23,26,37,27,36,42,40
497,42,20,25,42,29,41,44,42
498,29,23,22,37,30,37,45,37
499,37,20,21,39,29,35,46,39
500,37,23,22,37,28,32,44,36
501,34,23,25,42,36,39,51,40
502,35,23,20,45,28,43,48,38
503,40,26,24,44,26,40,42,37
504,38,24,27,44,30,40,46,41
505,48,25,25,44,27,37,48,39
506,39,26,29,48,35,34,48,42
507,38,19,25,47,29,37,51,40
508,35,21,25,45,31,41,46,43
509,33,29,20,40,29,34,48,41
510,37,25,24,42,30,36,43,40
511,32,22,23,41,28,39,40,42
512,43,21,24,41,34,37,39,50
513,40,23,27,44,29,40,50,39
514,34,22,29,46,29,38,40,42
515,33,21,26,42,28,36,40,45
516,35,23,24,44,29,41,41,35
517,33,23,30,44,33,41,43,37
518,35,21,25,45,28,40,43,42
519,38,25,27,43,30,35,42,41
520,33,26,29,51,27,42,44,42
521,38,23,32,44,30,37,48,43
522,37,25,26,42,30,41,37,45
523,31,22,27,47,32,39,46,35
524,41,20,25,45,30,34,39,37
525,34,21,28,38,26,36,43,41
526,42,18,29,40,27,40,48,42
527,40,20,27,38,30,41,48,43
528,40,21,23,41,25,46,41,43
529,34,23,28,44,28,44,43,36
530,40,20,34,45,24,36,42,41
531,38,19,33,41,26,40,42,39
532,37,19,26,46,31,41,46,39
533,36,18,31,48,30,37,44,43
534,32,25,25,39,24,41,43,42
535,36,20,26,47,27,38,45,45
536,36,21,29,43,32,39,40,44
537,34,24,23,47,27,40,45,37
538,36,28,28,42,32,43,42,36
539,38,28,24,41,22,31,43,37
540,29,23,22,40,27,35,40,40
541,36,25,25,35,27,34,43,38
542,39,22,29,41,24,36,46,41
543,36,24,29,47,25,32,39,38
544,37,24,26,42,25,37,36,34
545,36,24,25,41,30,37,47,35
546,32,24,26,45,24,33,47,33
547,35,21,26,42,30,36,45,34
548,35,21,26,47,31,36,42,45
549,37,20,34,41,27,37,50,43
550,36,20,26,42,27,36,45,40
551,37,18,30,39,32,43,47,39
552,35,17,29,44,26,39,46,38
553,38,24,33,46,29,37,43,35
554,40,25,29,43,29,38,44,36
555,41,23,28,47,31,38,48,38
556,37,24,30,43,26,38,46,35
557,33,25,26,36,30,38,44,39
558,35,22,26,43,29,33,47,35
559,33,31,31,38,26,37,46,38
560,34,26,23,44,25,40,46,41
561,34,21,28,43,28,39,47,34
562,35,27,24,47,31,40,51,40
563,34,27,24,40,24,40,52,40
564,36,26,27,41,24,40,51,41
565,34,27,26,42,27,39,43,36
566,30,26,28,41,32,38,48,40
567,36,27,28,43,29,43,47,35
568,34,24,22,38,25,35,42,44
569,30,21,27,45,24,36,42,45
570,34,26,28,38,24,42,46,43
571,38,27,24,45,27,42,42,41
572,37,26,27,42,26,42,44,39
573,38,20,28,48,28,44,50,41
574,34,25,27,45,31,37,47,43
575,37,24,29,51,28,39,50,37
576,32,23,33,45,30,46,55,42
577,40,24,25,45,29,45,45,36
578,34,23,30,38,31,43,48,41
579,39,26,27,38,26,40,53,42
580,36,27,30,41,35,38,55,42
581,40,26,25,38,25,33,41,42
582,40,29,23,38,22,44,50,41
583,30,25,23,48,26,34,44,38
584,33,26,27,41,28,31,45,43
585,35,29,24,44,30,36,40,40
586,32,26,27,37,29,35,43,44
587,36,26,28,35,26,35,43,36
588,36,27,28,45,30,35,45,40
589,37,29,26,40,28,40,46,41
590,35,25,29,37,29,38,39,39
591,35,30,25,40,29,38,39,42
592,36,30,27,39,27,36,47,39
593,36,26,32,33,29,40,43,45
594,35,29,27,39,32,34,44,40
595,33,27,26,35,29,37,47,38
596,37,23,31,39,22,34,46,39
597,36,26,29,39,25,39,47,42
598,35,24,27,45,32,36,39,50
599,42,24,28,45,27,39,46,40
600,40,23,26,47,34,39,45,44
601,37,19,26,46,26,36,38,46
602,36,28,34,48,26,38,43,47
603,41,28,28,46,26,36,42,42
604,35,25,29,48,28,37,48,44
605,35,24,25,42,27,37,44,45
606,36,28,27,41,22,37,48,33
607,39,24,23,50,27,34,46,41
608,37,22,29,45,31,34,43,39
609,36,20,28,45,26,34,44,42
610,37,24,29,45,32,39,42,43
611,38,24,27,46,23,37,47,42
612,38,31,28,47,30,31,50,43
613,38,19,26,47,28,33,40,39
614,38,28,24,44,27,30,43,39
615,39,23,30,46,30,35,53,44
616,34,27,29,40,30,31,48,35
617,35,27,25,37,31,36,39,40
618,36,19,23,39,26,36,45,41
619,33,24,27,36,25,37,46,44
620,40,22,32,47,30,34,45,34
621,39,27,30,43,26,39,42,47
622,35,27,28,49,29,34,46,36
623,36,29,28,44,31,44,52,39
624,37,30,26,40,26,45,52,41
625,38,26,30,42,31,39,47,41
626,40,28,29,42,28,36,50,44
627,37,30,26,41,28,33,47,40
628,35,28,29,46,26,42,51,39
629,40,29,25,46,23,33,42,39
630,36,28,30,42,35,37,46,41
631,33,28,27,44,30,35,43,39
632,33,24,26,49,27,38,43,40
633,35,28,27,44,26,35,52,40
634,40,26,26,42,30,39,48,39
635,34,30,22,47,23,42,42,35
636,37,29,30,45,33,39,54,39
637,37,24,25,49,29,38,48,43
638,36,23,29,50,28,40,46,42
639,39,26,29,44,28,35,40,36
640,35,29,28,48,26,41,44,39
641,36,26,29,46,28,39,42,33
642,37,27,27,44,26,35,41,40
643,37,32,22,42,26,38,41,38
644,34,28,30,37,26,37,47,45
645,38,24,30,45,31,40,40,41
646,33,20,30,45,29,39,41,40
647,40,26,28,40,30,42,42,40
648,43,26,29,40,30,38,44,47
649,39,25,28,38,29,38,42,37
650,32,32,24,34,28,38,43,39
651,36,26,27,41,27,39,43,41
652,40,27,30,40,29,37,46,38
653,32,26,29,41,30,43,35,39
654,38,25,26,41,31,33,40,34
655,36,27,27,41,27,40,45,36
656,35,26,26,35,28,37,39,38
657,36,17,29,39,26,35,44,41
658,33,27,27,42,22,41,42,35
659,39,36,29,39,29,43,46,40
660,37,20,31,42,28,40,39,40
661,37,27,26,46,27,35,36,40
662,39,20,22,46,29,39,38,42
663,36,23,27,45,25,38,42,40
664,37,25,25,45,29,36,44,40
665,37,23,25,46,30,36,44,46
666,38,27,28,40,28,36,41,43
667,34,25,30,47,23,40,37,43
668,40,21,29,45,29,38,36,41
669,40,25,26,41,27,44,33,42
670,43,26,30,46,28,40,47,42
671,41,25,29,47,32,45,42,45
672,39,25,27,35,26,39,43,40
673,38,26,24,42,31,39,43,46
674,38,30,26,37,32,37,43,40
675,40,25,28,39,28,41,37,34
676,35,24,28,39,23,41,43,42
677,38,27,27,41,25,36,38,36
678,40,25,30,40,33,34,40,45
679,36,21,29,41,31,47,42,37
680,42,26,28,42,26,39,38,46
681,35,26,25,40,27,39,39,43
682,37,25,21,40,30,38,41,44
683,36,31,25,42,34,34,37,40
684,35,21,28,43,30,38,38,43
685,36,20,27,48,30,40,36,42
686,34,21,28,46,28,35,48,45
687,37,26,27,38,28,38,43,45
688,43,27,32,40,30,39,42,36
689,35,26,28,37,27,39,41,37
690,41,27,25,44,28,35,36,45
691,35,23,27,40,28,39,42,46
692,37,24,25,45,27,40,40,42
693,31,24,29,42,26,32,30,40
694,39,26,28,34,26,43,40,44
695,36,24,31,41,29,43,44,44
696,32,21,24,41,27,38,43,43
697,38,28,26,40,32,34,44,39
698,39,26,29,41,32,37,38,41
699,34,21,25,42,25,33,44,44
700,41,27,29,43,28,34,47,39
701,37,23,27,43,29,42,42,37
702,40,24,27,34,26,37,42,36
703,37,25,27,41,23,37,40,43
704,33,22,26,43,22,40,42,42
705,35,21,28,39,30,36,45,39
706,39,21,28,42,24,37,45,49
707,33,28,30,45,34,39,45,46
708,40,26,23,42,29,39,45,39
709,37,23,21,43,29,36,47,37
710,36,24,25,47,28,33,42,47
711,40,20,26,47,30,38,39,46
712,39,23,28,47,27,43,44,41
713,34,26,29,53,27,39,42,32
714,40,27,27,43,29,38,40,41
715,34,27,27,46,30,38,37,43
716,34,24,32,36,32,35,43,41
717,38,24,26,45,31,36,44,43
718,40,27,27,45,28,36,42,46
719,38,21,24,44,29,43,43,36
720,38,21,24,42,27,34,41,42
721,37,24,28,46,25,33,43,47
722,31,22,23,42,31,38,47,41
723,36,23,26,52,27,44,49,45
724,38,26,25,50,27,41,47,44
725,35,22,26,43,29,36,39,48
726,38,22,28,39,28,34,43,42
727,38,21,23,47,31,40,48,43
728,39,23,21,40,33,42,50,45
729,33,26,28,37,32,35,54,42
730,34,24,26,41,25,42,49,42
731,40,27,26,36,22,35,55,45
732,36,27,21,43,33,39,50,38
733,36,25,29,39,29,38,49,42
734,34,22,24,43,24,41,44,41
735,39,18,25,37,28,35,43,48
736,31,24,24,43,33,38,39,43
737,35,25,25,35,34,34,44,41
738,39,24,27,44,33,38,41,41
739,41,24,23,41,32,35,48,39
740,44,20,29,44,32,33,49,39
741,41,21,24,44,31,35,43,40
742,34,21,26,44,33,33,40,34
743,44,23,22,39,30,40,49,38
744,37,28,28,35,34,40,50,45
745,44,24,23,44,30,38,40,39
746,36,22,27,40,22,38,47,39
747,39,25,26,44,24,36,39,37
748,44,19,23,37,32,35,49,39
749,39,24,26,42,28,36,46,43
750,40,23,28,47,31,30,48,41
751,40,27,20,38,28,36,49,39
752,39,22,26,36,29,40,51,39
753,38,24,25,42,29,38,50,45
754,35,26,24,43,29,38,48,42
755,39,26,30,36,29,36,48,47
756,42,23,26,41,27,33,44,44
757,37,21,26,48,29,34,51,42
758,42,24,30,42,28,35,50,35
759,39,20,25,46,27,36,52,42
760,31,20,23,47,23,42,44,45
761,40,24,21,46,27,34,45,47
762,35,26,28,40,29,39,51,46
763,38,27,27,40,27,37,47,41
764,47,25,26,37,29,44,51,35
765,40,23,26,42,29,40,43,40
766,36,26,29,40,30,40,53,45
767,39,22,29,43,30,35,50,43
768,40,24,25,41,32,33,48,42
769,35,23,30,43,29,35,49,37
770,40,24,22,41,28,39,42,41
771,39,21,28,41,26,38,43,40
772,43,25,28,44,23,37,41,43
773,34,27,27,39,27,34,45,39
774,39,22,27,41,29,34,41,37
775,35,17,24,40,31,41,49,41
776,34,23,27,43,28,39,41,41
777,29,24,26,42,27,41,42,40
778,38,29,23,44,32,37,45,52
779,37,24,26,39,31,35,46,44
780,34,26,22,36,35,36,41,38
781,34,26,22,50,31,43,47,47
782,42,21,32,43,39,36,48,45
783,33,26,28,46,30,37,44,41
784,40,27,29,38,29,37,46,40
785,35,25,22,42,34,36,44,38
786,35,22,26,39,32,36,47,42
787,31,24,31,36,32,39,46,42
788,41,23,25,43,28,36,44,33
789,38,25,25,38,29,36,50,38
790,36,26,27,42,29,36,40,38
791,38,22,23,43,23,35,44,46
792,38,26,26,37,28,37,50,43
793,38,26,28,40,32,37,42,43
794,35,21,29,40,25,36,37,39
795,32,26,26,44,29,34,39,48
796,40,21,30,41,26,31,42,45
797,38,23,28,44,24,39,35,32
798,38,27,29,43,29,34,43,38
799,38,22,23,40,24,41,41,38
800,38,21,27,48,35,40,47,39
801,43,24,24,45,26,36,41,41
802,35,25,26,37,25,35,47,45
803,40,22,26,39,25,37,40,42
804,40,22,27,45,26,39,48,42
805,37,25,26,46,27,37,45,41
806,34,25,30,43,27,39,46,45
807,38,23,27,42,28,34,44,44
808,38,25,24,38,31,35,46,48
809,33,24,27,35,31,36,37,46
810,32,27,31,37,33,36,47,43
811,38,24,24,39,30,37,54,36
812,35,24,30,39,26,40,46,32
813,38,22,26,41,26,41,44,45
814,40,22,26,47,24,34,53,40
815,36,19,23,39,33,36,46,46
816,40,18,27,47,34,38,48,42
817,38,25,24,38,27,34,45,43
818,38,26,25,42,26,38,44,43
819,35,23,23,43,25,33,42,36
820,33,23,24,46,26,35,41,39
821,41,21,24,44,29,38,44,41
822,37,24,29,48,30,33,42,43
823,35,24,27,48,22,42,42,41
824,38,22,28,47,29,35,52,49
825,38,26,27,37,34,34,51,33
826,37,21,29,42,28,40,43,37
827,38,24,29,53,26,37,46,39
828,32,18,24,43,32,37,45,48
829,38,19,30,48,32,39,36,43
830,32,19,28,41,26,38,46,38
831,41,23,27,45,29,35,46,40
832,39,23,29,44,24,32,47,47
833,39,22,27,47,30,37,44,48
834,35,28,25,52,28,36,50,43
835,35,21,23,45,30,38,45,43
836,38,25,22,48,33,37,44,43
837,33,29,27,40,26,36,47,42
838,36,23,23,44,28,37,48,38
839,36,24,23,42,32,36,44,37
840,36,27,24,43,31,35,46,39
841,38,25,25,44,38,37,42,39
842,39,26,25,45,30,42,49,43
843,36,28,23,45,35,44,49,39
844,35,22,23,44,29,39,42,40
845,34,24,23,48,32,35,45,36
846,37,19,24,49,32,38,41,41
847,38,23,24,42,33,40,42,41
848,40,18,29,47,27,36,42,35
849,36,24,25,38,32,34,41,41
850,36,26,19,45,29,37,36,39
851,33,25,24,37,26,36,46,35
852,37,25,27,44,30,43,40,39
853,36,22,24,37,22,35,48,52
854,35,22,26,41,35,39,46,40
855,39,25,26,48,27,38,47,35
856,37,26,26,45,35,39,44,41
857,35,24,28,43,31,38,41,36
858,37,26,24,40,27,35,39,39
859,39,21,24,45,27,37,37,46
860,34,21,26,45,27,33,44,37
861,32,23,26,38,30,28,43,37
862,32,26,29,41,26,38,42,41
863,33,28,32,50,31,40,44,39
864,31,24,24,41,28,40,42,43
865,33,19,28,43,31,41,42,41
866,36,23,23,46,31,34,43,41
867,35,23,27,40,28,34,41,40
868,33,25,27,45,27,33,41,39
869,39,21,29,34,32,35,46,39
870,40,24,28,38,30,35,44,46
871,35,27,28,49,28,39,39,39
872,37,24,27,45,24,36,42,41
873,39,24,31,44,26,34,44,35
874,32,26,25,48,28,39,43,42
875,36,22,29,41,24,34,41,43
876,36,23,28,45,28,37,47,49
877,35,23,23,46,32,40,39,43
878,35,27,21,42,27,39,46,42
879,38,22,28,44,26,36,45,46
880,39,27,24,46,29,41,44,44
881,38,24,23,47,32,36,54,43
882,35,25,28,47,30,39,43,47
883,36,22,28,39,28,37,41,41
884,32,24,24,45,28,38,41,49
885,34,23,23,43,35,37,41,44
886,34,21,25,44,26,35,48,44
887,39,27,24,45,30,33,41,45
888,42,22,23,43,30,41,54,40
889,38,20,27,53,28,34,51,41
890,39,27,23,47,27,36,48,44
891,36,25,24,47,25,42,47,38
892,35,20,25,40,26,35,50,42
893,34,24,26,41,29,39,46,41
894,36,23,29,42,26,29,41,40
895,38,24,26,43,34,35,51,40
896,35,27,31,45,28,37,45,40
897,38,22,22,44,35,33,44,40
898,39,25,29,40,32,37,41,43
899,42,27,24,47,25,33,43,46
900,40,22,22,38,25,36,39,41
901,38,25,23,48,26,38,42,45
902,41,23,25,46,29,39,38,43
903,35,23,31,38,32,41,42,39
904,36,24,25,48,29,36,40,37
905,38,24,29,48,31,42,43,45
906,39,27,29,47,29,34,39,45
907,33,25,25,41,31,42,42,37
908,31,22,25,46,30,38,43,38
909,37,26,28,43,24,47,42,44
910,39,28,28,44,27,41,38,43
911,39,24,30,46,26,35,39,43
912,36,24,30,40,27,38,45,36
913,35,25,24,39,30,43,41,38
914,38,25,27,39,24,39,42,39
915,36,24,26,41,33,38,42,33
916,40,21,24,42,23,38,46,39
917,37,22,24,45,30,36,45,39
918,38,22,26,45,29,37,44,38
919,30,23,25,46,29,41,44,37
920,38,24,27,38,28,43,40,39
921,30,28,22,46,28,45,44,42
922,38,26,24,43,28,42,40,43
923,34,25,30,39,24,34,39,42
924,37,25,28,39,31,34,42,38
925,29,23,27,40,23,38,46,42
926,35,26,28,40,33,37,44,35
927,34,27,32,43,28,39,41,36
928,36,22,23,44,28,41,46,44
929,38,19,26,48,29,35,38,40
930,41,25,30,41,27,38,37,42
931,32,28,30,39,24,39,42,41
932,32,26,25,45,27,34,39,41
933,36,25,26,43,30,39,44,41
934,34,24,25,42,31,39,41,40
935,39,21,26,43,31,40,41,40
936,32,28,20,37,26,41,42,41
937,37,23,26,43,32,39,39,42
938,40,20,24,46,32,44,40,40
939,35,27,23,45,34,38,44,34
940,35,26,27,42,29,39,41,44
941,33,28,23,47,31,41,38,39
942,36,26,29,42,31,40,38,40
943,38,23,25,42,28,42,39,37
944,35,26,30,41,32,39,35,45
945,36,25,27,49,23,43,39,42
946,37,25,24,43,28,41,45,37
947,38,24,28,41,27,45,41,40
948,34,25,34,36,29,46,40,43
949,33,22,30,38,37,37,44,46
950,35,23,31,42,32,43,45,40
951,36,26,33,43,31,35,42,41
952,42,28,33,39,32,36,43,35
953,36,18,25,45,29,40,38,44
954,38,26,27,48,29,36,41,35
955,37,29,30,42,30,41,44,42
956,31,27,26,44,27,34,41,35
957,40,23,32,41,30,37,39,45
958,35,25,26,41,32,38,40,37
959,40,27,37,40,34,34,41,46
960,35,25,35,46,24,36,40,40
961,33,23,28,39,27,42,45,39
962,37,23,31,48,28,38,42,38
963,32,19,28,43,28,38,45,43
964,36,20,25,50,29,37,44,40
965,34,26,29,42,33,43,44,43
966,34,25,24,42,23,40,50,40
967,38,25,26,49,28,32,37,36
968,35,18,23,42,30,38,36,44
969,34,18,26,44,27,38,39,38
970,42,22,30,40,30,34,36,48
971,28,18,29,40,26,40,37,46
972,38,25,23,39,33,35,40,46
973,42,18,26,41,27,44,38,45
974,35,23,27,44,32,40,40,42
975,37,25,28,42,24,38,37,40
976,32,19,27,43,25,38,39,42
977,36,25,27,43,27,38,44,42
978,40,20,26,40,26,39,36,45
979,37,24,27,48,28,38,42,41
980,33,23,24,44,27,36,47,44
981,35,20,26,37,27,41,41,42
982,35,23,26,41,28,41,39,38
983,34,29,28,45,31,36,35,42
984,41,23,23,38,33,36,36,38
985,36,20,26,46,26,38,34,43
986,44,20,28,44,28,35,41,45
987,36,20,26,44,22,43,41,39
988,37,21,28,40,27,42,38,42
989,41,19,24,43,30,35,36,37
990,39,20,28,48,27,40,38,35
991,37,27,23,40,32,41,33,38
992,33,24,24,43,26,41,38,37
993,38,22,28,36,29,41,40,39
994,31,21,28,41,29,40,43,36
995,35,23,26,46,30,35,38,36
996,38,19,29,48,24,36,37,33
997,34,21,33,39,26,37,41,42
998,36,23,28,46,32,35,41,45
999,29,26,26,49,32,35,38,31
1000,31,18,28,44,25,37,38,36
1001,36,25,30,50,32,41,47,41
1002,34,26,31,52,26,37,40,45
1003,36,21,27,45,29,39,39,41
1004,34,23,28,46,23,36,46,43
1005,39,26,25,50,31,32,49,42
1006,35,20,24,48,30,40,46,43
1007,36,21,26,51,29,36,40,48
1008,35,27,26,50,31,41,34,38
1009,34,22,30,48,37,45,47,43
1010,37,24,27,47,29,39,39,44
1011,35,27,24,31,30,42,41,41
1012,37,25,27,40,24,41,37,42
1013,38,21,30,40,35,42,43,39
1014,34,22,29,43,23,35,45,42
1015,39,23,29,43,30,38,41,45
1016,38,28,27,42,26,40,41,41
1017,36,23,27,38,25,38,41,40
1018,33,21,25,40,28,39,43,38
1019,35,19,30,49,30,41,43,40
1020,39,14,27,43,33,41,48,46
1021,33,17,28,47,28,43,43,41
1022,37,16,26,46,31,35,52,42
1023,39,16,26,43,31,40,45,38
1024,34,16,26,39,32,39,41,36
1025,36,16,33,42,29,40,48,41
1026,36,17,26,40,30,41,44,45
1027,40,14,22,44,28,36,46,41
1028,34,12,26,46,28,44,45,42
1029,41,16,22,41,37,35,48,41
1030,34,15,29,41,25,33,47,40
1031,39,14,27,41,28,36,47,45
1032,37,17,29,44,31,32,42,35
1033,38,15,26,45,36,40,47,43
1034,38,16,25,45,30,38,46,41
1035,33,16,27,41,28,38,43,45
1036,38,15,25,44,34,38,39,43
1037,39,17,26,42,28,42,38,37
1038,34,15,26,37,27,38,42,40
1039,39,12,27,38,28,41,47,44
1040,33,17,23,48,23,38,41,45
1041,37,15,26,42,32,34,42,37
1042,32,20,26,43,24,44,38,44
1043,29,23,30,54,27,36,41,44
1044,37,24,27,43,31,33,45,43
1045,30,20,26,42,30,36,36,40
1046,36,18,26,37,33,39,42,38
1047,37,24,27,41,28,35,43,38
1048,30,22,26,42,24,36,48,37
1049,36,20,26,44,28,34,42,40
1050,29,21,26,37,28,37,36,36
1051,36,20,32,39,28,34,43,41
1052,39,23,28,36,26,37,40,45
1053,33,22,31,41,28,38,41,39
1054,39,22,25,44,28,33,39,44
1055,39,25,28,42,28,37,40,37
1056,37,23,23,46,24,39,41,44
1057,37,23,27,42,24,30,47,41
1058,35,23,24,45,26,41,45,39
1059,37,24,25,36,26,43,49,46
1060,38,30,28,44,32,36,48,41
1061,37,29,26,38,23,39,44,44
1062,34,28,24,41,27,35,47,40
1063,36,25,24,37,25,38,49,44
1064,28,23,29,38,28,38,48,45
1065,36,25,26,41,30,36,45,40
1066,36,25,26,38,26,41,46,41
1067,32,24,25,44,30,40,43,40
1068,33,26,30,46,30,32,34,42
1069,32,32,28,42,31,37,40,42
1070,35,24,27,42,30,37,50,37
1071,31,28,26,43,24,41,47,33
1072,37,27,32,38,28,36,49,40
1073,40,25,31,48,25,37,47,43
1074,35,23,32,48,28,36,40,42
1075,37,26,25,43,27,38,43,44
1076,34,21,28,40,28,36,45,43
1077,39,22,26,38,23,36,39,44
1078,37,16,22,44,24,38,35,41
1079,40,22,22,45,29,37,45,46
1080,36,19,25,38,25,34,44,37
1081,39,22,27,41,27,40,49,43
1082,35,21,28,46,26,36,46,43
1083,38,25,29,43,25,31,46,38
1084,39,16,26,40,30,39,41,41
1085,38,20,28,41,28,39,48,43
1086,37,22,24,47,25,40,43,46
1087,38,20,25,40,29,38,40,43
1088,40,17,26,35,29,39,48,41
1089,38,21,26,45,26,38,44,42
1090,41,17,23,43,27,45,47,38
1091,45,24,28,46,20,38,48,43
1092,36,22,32,49,30,33,47,40
1093,36,24,27,38,25,37,39,40
1094,31,18,27,39,30,32,48,40
1095,39,22,29,41,29,33,49,44
1096,41,26,27,41,32,37,50,43
1097,35,21,29,44,30,35,45,42
1098,40,22,31,41,28,42,48,44
1099,38,24,28,38,26,38,44,45
1100,44,23,23,43,29,43,41,32
1101,39,23,27,51,26,34,49,44
1102,37,24,33,38,30,33,43,38
1103,37,24,29,45,27,37,38,43
1104,35,20,25,47,33,37,46,45
1105,36,20,31,43,32,41,36,44
1106,34,21,30,41,30,42,47,41
1107,34,24,30,42,30,36,49,45
1108,38,26,24,48,26,43,51,45
1109,39,21,29,35,27,35,42,38
1110,32,23,25,40,24,34,44,37
1111,42,22,25,44,30,33,47,41
1112,42,18,25,43,31,41,45,44
1113,46,25,22,44,29,37,46,44
1114,37,23,20,48,25,34,46,42
1115,37,24,25,51,31,39,44,47
1116,36,24,23,39,30,39,48,43
1117,36,24,27,40,31,37,41,41
1118,33,23,32,50,28,39,43,43
1119,36,21,24,51,28,33,42,39
1120,36,21,27,46,23,37,43,38
1121,39,20,32,45,33,39,41,46
1122,33,22,25,38,30,40,44,39
1123,41,19,28,38,30,37,43,42
1124,41,19,27,43,26,41,43,43
1125,36,21,27,39,27,36,44,40
1126,35,23,31,41,25,38,44,37
1127,38,24,28,42,32,37,45,45
1128,40,16,28,47,28,45,41,46
1129,37,23,27,48,35,44,45,39
1130,37,22,28,37,32,38,48,46
1131,40,21,24,42,29,36,40,40
1132,32,23,19,35,30,38,49,47
1133,34,19,30,44,25,43,47,38
1134,34,20,27,47,27,36,47,47
1135,34,25,22,46,27,46,41,40
1136,37,24,25,46,27,40,44,37
1137,34,22,26,37,33,36,47,43
1138,38,24,27,41,26,42,41,43
1139,33,26,22,47,30,41,43,35
1140,33,22,28,40,28,33,47,40
1141,38,20,28,42,28,34,44,42
1142,36,23,21,38,29,37,48,37
1143,34,24,25,44,29,37,44,39
1144,36,27,28,53,27,36,43,44
1145,39,26,28,43,31,39,40,41
1146,38,22,25,40,25,39,46,44
1147,28,20,27,47,32,35,47,37
1148,34,28,28,43,24,40,44,45
1149,32,24,23,46,24,40,50,39
1150,36,25,26,46,30,38,47,39
1151,33,26,24,46,34,38,50,43
1152,37,23,23,42,29,41,42,41
1153,32,24,25,45,33,40,40,43
1154,42,20,24,41,30,37,47,39
1155,38,26,24,47,32,45,45,41
1156,34,17,27,43,30,42,45,41
1157,35,21,24,42,27,39,44,44
1158,38,27,29,47,28,38,41,44
1159,40,19,28,45,27,42,40,43
1160,33,22,28,47,27,38,46,40
1161,37,24,25,43,25,44,38,42
1162,38,24,24,46,26,35,43,38
1163,33,22,24,38,23,35,42,44
1164,40,24,27,42,24,43,44,43
1165,37,21,25,44,23,39,47,50
1166,40,25,27,35,29,35,46,46
1167,38,24,29,39,33,32,44,43
1168,34,29,28,38,31,38,39,38
1169,34,26,22,47,31,41,45,45
1170,37,20,27,50,30,36,43,37
1171,34,22,30,43,24,33,43,39
1172,37,26,29,46,35,35,43,44
1173,31,21,24,45,27,36,44,40
1174,39,22,23,44,30,34,44,41
1175,31,26,27,41,28,39,39,40
1176,38,20,23,48,24,35,41,46
1177,35,28,28,43,25,32,45,43
1178,40,25,27,42,31,42,44,41
1179,32,22,31,45,31,37,41,37
1180,32,22,25,43,27,35,40,41
1181,32,24,27,48,32,38,40,40
1182,36,22,24,47,29,42,38,39
1183,36,23,27,44,31,33,41,43
1184,34,24,29,50,28,36,45,40
1185,38,25,28,47,24,38,45,41
1186,42,22,25,45,29,42,44,50
1187,32,21,24,49,28,39,43,43
1188,33,22,24,39,24,40,41,41
1189,39,23,27,42,29,40,44,43
1190,37,24,28,44,28,42,43,38
1191,35,23,33,51,27,40,42,42
1192,40,27,28,47,30,38,43,38
1193,38,25,24,40,31,34,44,41
1194,38,24,25,41,33,40,44,44
1195,39,25,32,42,27,38,43,37
1196,39,20,28,48,27,34,39,44
1197,36,26,29,44,32,30,38,48
1198,37,21,31,44,27,38,37,38
1199,35,26,28,43,27,38,46,38
1200,38,17,22,44,26,32,43,46
1201,36,17,29,45,29,41,46,46
1202,33,21,28,48,22,43,44,43
1203,35,23,33,48,30,36,48,51
1204,33,22,26,47,26,44,43,48
1205,42,26,28,44,27,34,45,38
1206,38,23,30,43,29,38,34,46
1207,37,26,27,50,26,44,40,42
1208,31,24,23,41,25,41,43,40
1209,37,22,25,49,29,37,39,40
1210,39,23,32,42,22,35,45,40
1211,44,23,26,47,28,36,49,42
1212,40,26,24,48,31,41,50,31
1213,35,22,26,46,32,39,37,38
1214,35,25,26,45,28,39,46,43
1215,40,24,30,45,31,40,42,42
1216,35,18,29,47,26,33,42,47
1217,35,22,30,39,29,39,45,37
1218,36,21,23,43,28,37,39,41
1219,37,26,24,45,27,37,41,42
1220,39,22,31,44,23,44,41,43
1221,32,27,30,42,29,40,38,41
1222,37,24,29,48,30,40,42,35
1223,34,27,31,45,24,44,40,38
1224,35,23,22,40,30,36,42,44
1225,31,25,27,42,28,37,46,44
1226,34,23,32,45,25,46,40,50
1227,33,25,26,46,26,38,41,47
1228,33,28,30,41,29,40,48,44
1229,38,26,23,39,26,40,46,42
1230,35,21,27,42,24,43,41,41
1231,34,24,23,44,29,37,41,42
1232,39,24,30,45,35,35,41,44
1233,35,27,28,42,34,42,41,42
1234,36,25,30,45,31,34,36,39
1235,36,21,27,42,31,43,34,35
1236,36,25,24,40,32,39,43,39
1237,36,20,24,45,29,40,42,40
1238,42,24,27,41,32,40,46,42
1239,36,24,25,50,30,43,46,46
1240,36,25,31,39,24,36,45,45
1241,39,22,24,44,28,39,35,44
1242,30,24,30,40,28,34,45,43
1243,37,25,28,44,28,38,47,37
1244,35,18,29,47,28,44,48,50
1245,36,24,27,41,26,42,47,45
1246,33,25,26,38,22,39,48,42
1247,37,20,25,45,26,35,38,42
1248,35,24,26,45,29,42,42,36
1249,35,26,31,50,29,40,47,46
1250,36,23,29,47,26,45,43,37
1251,41,23,25,48,31,44,36,47
1252,35,26,26,45,29,45,46,34
1253,31,22,26,39,31,37,40,37
1254,37,26,26,44,27,35,40,43
1255,37,30,24,44,30,40,49,44
1256,40,24,31,47,28,40,44,40
1257,32,23,30,42,28,38,38,38
1258,37,19,24,47,26,40,40,38
1259,36,21,26,42,23,41,40,47
1260,33,20,23,44,30,38,47,45
1261,40,27,27,41,27,42,50,35
1262,37,20,30,42,24,36,44,33
1263,35,17,24,39,28,36,48,40
1264,35,31,25,43,29,37,53,33
1265,36,19,27,39,27,36,46,40
1266,33,22,25,39,25,41,44,39
1267,38,23,29,45,26,35,45,42
1268,39,27,26,45,23,43,45,38
1269,42,25,24,45,26,38,50,35
1270,39,25,26,49,29,36,48,37
1271,36,26,26,48,24,34,44,42
1272,33,25,29,47,29,36,52,46
1273,35,23,26,44,31,37,37,43
1274,37,25,31,36,27,35,43,42
1275,38,25,26,44,30,42,43,38
1276,43,24,23,45,32,40,52,37
1277,39,26,27,45,26,41,44,42
1278,36,20,24,44,33,41,45,40
1279,32,19,28,43,26,40,44,35
1280,40,26,26,41,28,35,50,35
1281,39,30,24,43,27,36,52,43
1282,38,24,25,35,32,42,47,40
1283,34,26,29,41,28,37,50,38
1284,37,26,26,38,28,31,52,40
1285,43,26,27,43,25,34,43,41
1286,37,25,25,46,24,37,42,40
1287,43,26,28,39,25,36,42,43
1288,35,24,28,45,28,38,50,39
1289,42,25,26,44,24,34,42,39
1290,47,23,28,50,32,36,49,43
1291,39,29,25,36,30,37,43,40
1292,37,26,25,39,30,37,41,39
1293,38,27,32,47,25,38,35,42
1294,35,23,25,39,26,32,44,42
1295,39,24,26,39,27,32,46,45
1296,34,23,25,44,26,34,42,43
1297,35,30,22,44,26,36,46,46
1298,31,23,23,43,24,38,48,37
1299,37,24,24,38,26,39,46,34
1300,37,27,23,39,26,37,43,40
1301,28,21,25,40,28,42,47,50
1302,36,19,27,48,28,34,45,43
1303,39,21,27,45,28,42,45,44
1304,40,23,29,39,24,38,43,40
1305,40,21,27,46,27,40,43,38
1306,40,27,28,42,34,36,46,41
1307,36,25,31,48,32,34,40,40
1308,36,25,28,45,23,33,40,42
1309,38,25,28,38,31,39,41,41
1310,39,20,28,45,25,39,50,38
1311,33,23,24,47,30,37,43,42
1312,39,25,27,46,24,41,50,41
1313,41,20,29,52,31,34,47,39
1314,38,25,22,48,28,39,50,41
1315,40,25,25,47,33,39,53,47
1316,36,24,25,36,24,38,43,41
1317,35,23,26,47,28,41,50,35
1318,36,23,23,45,28,41,52,37
1319,40,27,25,47,28,38,52,48
1320,41,24,29,48,26,34,52,41
1321,41,19,23,47,28,33,51,44
1322,33,25,21,43,27,36,46,43
1323,41,27,24,48,25,38,49,40
1324,33,23,25,46,23,38,44,44
1325,40,23,26,51,22,39,43,43
1326,36,24,24,40,32,33,43,48
1327,36,26,28,41,32,40,47,43
1328,41,27,29,45,32,33,52,38
1329,41,24,26,38,26,34,51,41
1330,39,19,26,37,27,39,45,35
1331,36,28,25,44,28,35,46,39
1332,40,23,23,42,25,36,43,39
1333,34,17,21,46,31,37,46,46
1334,37,23,29,41,27,39,42,46
1335,39,22,25,44,22,32,46,43
1336,41,22,28,45,29,42,49,37
1337,42,24,29,41,28,45,48,50
1338,42,19,31,47,30,35,51,42
1339,38,26,27,39,32,38,42,37
1340,36,18,26,45,29,37,49,37
1341,38,19,26,41,26,40,46,37
1342,45,27,30,39,28,35,48,42
1343,42,30,30,44,26,37,37,42
1344,39,27,33,40,26,36,49,39
1345,36,26,29,44,24,36,47,42
1346,39,23,26,44,29,35,46,43
1347,37,25,28,47,24,41,42,46
1348,35,22,28,45,25,41,49,41
1349,37,23,31,42,27,43,40,40
1350,34,23,27,39,26,40,35,44
1351,34,25,27,42,29,38,39,42
1352,41,22,27,46,32,33,41,40
1353,37,22,30,36,25,39,40,44
1354,39,26,27,41,29,34,47,46
1355,38,30,22,45,21,33,49,44
1356,43,23,25,47,26,38,47,39
1357,39,25,29,44,29,35,42,39
1358,34,24,31,46,26,44,46,38
1359,32,26,31,51,35,40,47,40
1360,41,21,28,51,34,44,45,35
1361,36,25,28,42,28,40,39,36
1362,33,23,32,40,31,40,45,40
1363,37,27,27,43,28,40,45,37
1364,41,23,27,45,23,42,41,38
1365,41,27,27,47,31,38,49,37
1366,35,27,28,46,28,42,50,41
1367,34,25,27,44,27,38,46,39
1368,37,28,34,46,33,41,44,42
1369,41,25,29,44,31,37,38,39
1370,36,26,28,48,32,35,45,41
1371,39,24,33,44,30,41,43,38
1372,38,25,24,44,36,36,46,35
1373,37,26,26,46,32,38,44,35
1374,37,25,27,50,31,31,44,40
1375,33,23,22,37,25,39,52,36
1376,32,18,26,40,26,36,48,38
1377,36,23,24,43,29,38,43,34
1378,36,26,29,41,30,35,43,35
1379,35,22,31,42,30,37,47,35
1380,34,25,21,44,26,40,47,39
1381,39,23,29,44,25,44,46,45
1382,35,20,25,43,25,40,46,41
1383,36,22,29,43,27,37,51,41
1384,37,20,27,44,28,39,49,47
1385,40,21,27,41,29,38,50,52
1386,43,21,27,46,31,36,49,45
1387,35,23,21,44,27,30,51,48
1388,40,21,28,44,31,40,47,48
1389,42,20,24,44,30,33,50,49
1390,40,22,28,39,27,33,43,52
1391,39,23,24,39,25,46,45,44
1392,39,25,28,48,31,42,39,39
1393,37,25,30,42,27,41,47,41
1394,40,23,24,42,27,41,51,47
1395,39,22,24,44,25,41,41,45
1396,42,20,26,42,32,35,42,39
1397,38,19,23,39,27,39,50,39
1398,39,23,21,48,28,43,52,37
1399,41,27,27,51,27,41,43,40
1400,42,23,27,49,26,39,41,36
1401,39,24,26,51,29,41,39,44
1402,37,26,31,41,32,43,40,41
1403,38,30,27,47,28,45,42,41
1404,37,24,27,47,24,42,42,42
1405,37,26,26,41,29,38,42,43
1406,34,21,24,48,29,38,44,42
1407,37,23,29,47,23,42,40,42
1408,37,25,23,46,30,47,45,40
1409,39,27,28,48,28,38,40,46
1410,35,25,25,40,30,41,45,42
1411,34,19,28,50,25,33,43,43
1412,38,23,29,48,25,38,48,43
1413,39,19,25,46,30,42,40,37
1414,39,26,28,49,30,47,48,35
1415,37,22,29,33,33,39,37,39
1416,40,24,27,45,30,46,46,42
1417,40,24,25,50,29,40,47,37
1418,40,17,25,43,32,41,44,42
1419,35,20,27,41,32,40,38,36
1420,30,25,25,41,29,40,49,43
1421,35,26,22,41,29,38,43,43
1422,40,24,25,43,25,37,46,41
1423,38,23,22,40,28,35,51,40
1424,41,23,27,40,28,38,50,41
1425,36,26,29,40,28,41,45,41
1426,34,24,25,47,30,41,45,41
1427,34,23,27,45,27,37,41,40
1428,40,24,31,39,28,35,41,44
1429,39,21,28,43,26,31,50,45
1430,34,22,28,50,26,32,45,42
1431,35,23,30,45,26,37,46,40
1432,40,22,28,42,36,42,44,35
1433,38,23,26,41,28,40,49,37
1434,40,26,26,39,28,35,45,38
1435,34,23,27,46,26,39,43,34
1436,37,20,26,49,33,37,50,41
1437,36,26,24,44,29,41,46,38
1438,39,23,29,35,27,38,46,38
1439,43,26,26,45,27,41,44,44
1440,39,27,24,40,26,40,49,40
1441,36,17,24,46,24,38,48,38
1442,44,23,28,40,28,37,46,48
1443,41,21,26,44,27,41,42,49
1444,37,21,24,45,27,38,45,39
1445,35,23,23,41,25,40,53,44
1446,37,20,25,39,29,35,45,41
1447,34,24,29,41,25,39,37,41
1448,38,22,24,38,27,35,42,43
1449,37,20,28,42,30,38,51,41
1450,33,21,25,43,33,39,47,44
1451,38,20,24,38,29,40,41,44
1452,37,18,26,43,28,42,48,40
1453,41,25,27,42,27,37,44,38
1454,39,25,30,49,31,42,48,37
1455,39,22,19,37,29,44,39,46
1456,34,28,22,37,28,42,43,38
1457,34,25,22,41,29,38,50,43
1458,34,28,26,38,27,33,45,43
1459,38,29,31,42,29,38,40,39
1460,35,25,28,41,35,37,43,47
1461,35,22,29,36,26,33,45,37
1462,37,26,27,40,26,35,49,44
1463,33,24,30,37,26,36,50,40
1464,37,23,33,42,27,40,45,44
1465,35,26,29,39,29,37,43,47
1466,40,24,26,37,32,36,42,45
1467,37,25,25,40,33,37,50,44
1468,34,23,31,44,25,39,41,43
1469,39,23,30,41,28,38,43,45
1470,38,28,29,42,23,35,40,45
1471,39,21,29,42,26,38,37,46
1472,41,28,22,44,31,40,45,41
1473,50,23,31,43,32,43,49,45
1474,42,25,32,39,29,36,47,49
1475,37,23,30,38,26,35,47,41
1476,42,24,29,51,27,42,42,44
1477,43,22,28,38,27,36,44,45
1478,35,28,29,39,26,34,42,43
1479,42,24,26,46,29,41,45,39
1480,35,26,25,47,29,45,38,40
1481,43,23,30,36,26,41,45,35
1482,35,23,25,43,26,36,41,49
1483,41,22,32,42,27,42,44,46
1484,39,23,27,46,28,39,43,44
1485,39,23,32,45,26,34,43,44
1486,39,22,32,44,26,36,46,44
1487,37,25,27,45,29,39,42,38
1488,42,23,31,44,31,35,53,40
1489,36,28,30,39,24,44,51,36
1490,39,23,32,39,31,40,44,41
1491,39,24,25,38,27,35,49,44
1492,39,23,33,44,28,38,47,41
1493,35,27,29,41,28,36,42,40
1494,33,19,24,39,27,43,40,44
1495,31,21,34,38,29,37,41,45
1496,35,24,27,40,24,37,47,46
1497,35,22,23,44,30,36,46,36
1498,40,24,23,47,33,36,49,33
1499,43,25,30,40,27,41,49,39
