FRAMES,1,2,3,4,5,6,7,8,9,10
0,137,148,210,105,187,249,175,228,254,225
1,143,142,203,105,191,238,181,219,247,222
2,149,128,211,106,185,252,185,224,265,224
3,135,155,211,101,184,255,183,214,261,221
4,131,160,223,112,189,244,193,222,255,224
5,131,149,209,106,182,255,178,224,261,229
6,141,152,225,125,192,232,189,232,263,216
7,137,144,204,118,178,249,180,218,274,221
8,145,142,214,103,170,246,185,222,256,220
9,150,147,221,100,180,247,194,224,256,224
10,129,152,218,112,181,253,179,223,258,224
11,139,148,217,111,169,263,179,229,258,214
12,141,148,214,121,183,238,182,218,273,226
13,150,144,209,109,177,252,173,215,274,225
14,150,150,209,115,188,247,184,235,265,220
15,158,150,215,119,185,264,181,228,261,221
16,160,146,221,117,184,250,193,220,271,220
17,151,156,221,117,179,264,192,219,264,211
18,149,152,207,120,179,261,181,205,267,225
19,152,155,207,108,167,250,196,222,277,210
20,149,162,221,109,184,243,192,218,261,228
21,146,150,212,117,172,261,188,221,268,233
22,158,163,218,97,169,253,177,223,259,220
23,159,155,220,97,173,256,188,229,267,226
24,151,163,218,111,180,251,192,226,254,219
25,145,151,227,104,179,266,193,244,236,231
26,153,150,229,108,179,254,191,231,239,242
27,156,151,227,118,193,248,197,218,248,224
28,144,155,225,107,188,252,188,225,254,219
29,143,156,220,128,172,250,185,218,245,240
30,147,142,228,125,186,245,189,219,255,214
31,155,157,214,113,169,251,190,215,241,226
32,152,151,220,114,180,252,190,216,253,227
33,164,156,204,123,185,248,197,225,237,226
34,156,166,216,116,187,257,176,210,248,235
35,140,159,221,122,178,259,192,208,245,233
36,152,165,223,121,201,255,204,230,252,228
37,147,153,225,125,201,254,192,226,245,230
38,155,155,225,117,204,264,194,226,255,244
39,145,165,227,120,188,260,200,229,256,229
40,142,167,217,123,188,272,183,236,254,222
41,155,158,220,132,183,261,190,223,243,232
42,153,153,223,128,177,260,183,225,244,222
43,156,168,207,132,193,256,194,225,262,220
44,159,166,219,127,182,253,185,215,269,221
45,158,166,221,122,169,253,196,216,253,227
46,164,151,229,110,166,262,190,217,238,229
47,147,160,214,120,162,252,190,225,262,226
48,152,158,211,120,155,244,202,211,263,231
49,152,156,223,124,161,259,180,219,262,240
50,149,150,211,119,168,264,186,220,275,230
51,153,155,217,128,163,254,190,228,251,228
52,156,165,223,124,169,260,187,218,278,216
53,157,149,220,123,190,262,199,223,251,216
54,154,155,223,144,174,272,182,222,280,222
55,139,157,219,119,171,264,191,221,252,230
56,159,174,227,133,185,251,185,229,259,230
57,150,156,225,125,163,254,187,232,264,223
58,143,162,224,128,184,263,195,229,274,216
59,157,160,230,134,172,249,191,226,273,217
60,146,162,223,111,191,255,193,227,267,223
61,155,155,219,125,175,264,183,226,272,227
62,156,156,208,114,174,264,190,227,288,211
63,154,155,223,115,177,265,178,221,270,225
64,154,151,234,120,170,258,189,242,259,228
65,146,157,222,120,175,253,188,233,276,215
66,170,163,222,119,169,256,181,225,281,234
67,151,149,228,130,172,251,188,225,274,231
68,166,164,220,124,177,265,193,235,262,237
69,152,150,220,120,176,259,195,235,290,230
70,147,155,229,124,184,262,192,236,256,235
71,158,146,223,129,192,257,185,237,262,234
72,151,161,228,126,170,255,189,232,268,217
73,150,154,214,129,177,267,185,223,261,228
74,151,164,227,130,181,244,191,235,269,220
75,150,168,218,130,191,263,202,234,264,236
76,161,156,231,122,188,255,190,229,262,221
77,155,151,215,108,185,264,181,216,256,237
78,159,158,211,112,172,254,199,236,248,229
79,144,156,221,117,180,262,205,235,277,228
80,157,162,216,114,179,275,194,237,274,229
81,159,159,223,121,195,255,194,238,291,223
82,156,150,228,131,188,262,196,241,297,222
83,151,151,217,123,185,260,192,232,275,230
84,152,150,229,112,189,251,189,227,271,224
85,154,163,227,114,173,255,190,234,244,245
86,154,156,236,118,182,258,182,235,268,235
87,153,162,220,110,182,262,189,245,266,221
88,143,163,206,121,188,244,187,223,270,220
89,139,155,224,112,182,254,187,233,265,223
90,157,159,222,116,177,253,183,235,273,232
91,152,162,228,110,182,253,194,231,276,223
92,151,159,214,121,178,265,185,223,274,223
93,142,161,207,114,182,244,176,234,264,230
94,146,156,220,114,178,260,187,235,262,225
95,142,157,213,118,184,255,196,225,267,215
96,150,156,221,110,181,251,190,235,272,228
97,157,157,214,118,181,267,196,236,259,238
98,143,158,224,123,177,242,195,242,270,212
99,154,163,228,125,179,257,189,230,252,224
100,139,160,217,129,185,247,183,234,264,226
101,154,162,220,132,179,261,191,229,276,223
102,146,159,227,126,175,260,171,233,266,230
103,151,152,228,108,184,257,197,228,257,221
104,147,154,246,123,183,265,193,233,259,222
105,155,151,215,124,195,257,192,232,261,226
106,152,160,223,130,186,254,190,231,253,220
107,158,162,213,114,185,260,182,231,278,229
108,138,140,213,123,171,262,190,249,269,237
109,153,154,216,121,192,266,186,237,257,205
110,146,159,214,113,179,247,189,232,246,226
111,153,151,228,122,180,268,192,233,242,233
112,154,159,213,129,186,251,184,222,239,219
113,151,159,207,124,170,246,197,239,260,220
114,154,160,217,121,181,265,184,248,254,222
115,152,169,221,105,185,261,191,235,278,225
116,158,159,226,116,188,250,189,227,253,223
117,163,160,224,109,162,246,191,226,267,225
118,151,159,216,113,174,250,191,242,267,223
119,155,164,213,123,191,238,192,232,250,244
120,153,158,218,120,164,255,185,245,253,218
121,152,173,221,107,175,253,197,234,252,228
122,152,153,222,112,184,253,198,223,268,219
123,155,156,234,120,165,266,190,223,248,237
124,149,158,220,122,181,256,190,237,255,220
125,146,162,227,119,188,247,184,243,261,238
126,157,149,216,119,171,249,189,235,273,242
127,141,154,221,126,178,261,183,238,259,230
128,148,168,224,126,176,261,192,231,270,236
129,152,153,224,127,176,266,193,236,261,228
130,149,167,226,122,179,251,196,230,260,223
131,158,166,232,128,171,256,193,226,275,234
132,145,162,233,123,170,257,180,242,263,226
133,159,157,205,129,176,260,178,233,258,217
134,152,155,212,115,183,252,186,226,271,216
135,150,157,236,124,171,240,202,220,270,226
136,155,158,218,120,184,249,189,230,275,231
137,151,159,233,115,180,260,188,232,258,231
138,146,153,222,129,185,263,181,231,269,229
139,144,157,232,141,188,250,194,227,257,227
140,162,163,217,152,178,245,195,232,253,224
141,135,159,217,143,192,252,182,226,268,236
142,153,158,233,146,184,255,190,234,266,223
143,139,162,218,140,169,255,193,245,266,232
144,150,165,204,132,190,257,175,232,260,226
145,150,161,218,142,179,247,191,233,266,230
146,151,171,217,139,196,265,191,233,263,220
147,143,153,218,148,172,255,192,233,266,219
148,137,157,219,140,171,242,185,235,260,231
149,155,160,221,147,178,255,188,240,256,235
150,150,138,219,141,186,253,186,224,245,235
151,141,165,234,133,187,259,192,233,257,231
152,140,158,221,162,180,259,189,225,261,214
153,144,163,213,144,185,243,191,234,265,228
154,132,152,225,138,176,263,203,247,266,228
155,162,153,237,137,175,264,194,230,259,226
156,150,170,221,138,189,267,189,233,271,225
157,165,158,222,134,176,250,195,228,262,223
158,138,158,218,137,184,260,186,235,277,222
159,149,151,219,147,190,255,195,244,278,225
160,148,152,221,146,179,246,186,231,261,228
161,143,156,236,149,187,257,187,242,263,223
162,149,162,228,143,188,244,194,235,256,222
163,143,163,225,161,192,257,191,235,242,238
164,151,160,224,147,183,268,180,228,261,235
165,153,169,214,147,174,260,175,229,244,228
166,143,145,218,149,176,252,193,235,250,239
167,151,154,226,154,180,259,182,236,243,222
168,145,152,221,145,186,251,191,237,241,226
169,152,157,221,154,193,254,180,247,257,223
170,158,161,219,149,183,252,200,228,247,231
171,154,164,205,139,186,251,195,234,262,226
172,153,156,212,145,176,258,196,234,262,220
173,146,166,215,147,186,267,194,219,240,226
174,147,172,231,148,182,256,184,232,244,233
175,152,162,214,129,179,251,190,228,258,224
176,156,162,219,137,173,258,182,220,262,220
177,144,173,223,137,182,266,197,220,248,238
178,137,163,225,134,178,261,185,221,249,214
179,143,160,218,129,181,264,181,229,245,225
180,141,162,213,133,194,257,191,229,248,229
181,141,164,223,123,187,262,178,234,249,236
182,153,160,228,121,186,270,191,231,249,220
183,156,164,216,126,190,247,194,235,262,226
184,151,158,223,114,185,268,186,237,242,222
185,148,161,226,132,185,250,187,221,270,223
186,152,151,225,133,188,267,190,240,247,224
187,150,163,221,129,184,252,179,238,284,235
188,159,155,226,125,189,262,195,239,266,228
189,162,169,218,119,177,261,180,228,264,235
190,151,160,223,125,177,256,195,231,272,222
191,151,155,231,133,178,248,193,232,265,227
192,158,149,224,119,185,260,197,222,274,232
193,162,154,220,131,182,242,192,236,260,226
194,161,164,223,132,181,244,189,241,268,225
195,156,154,230,129,182,259,182,238,272,230
196,147,156,223,120,186,262,194,234,269,242
197,153,157,224,126,184,264,193,231,261,246
198,147,150,223,123,180,255,196,240,254,233
199,146,148,217,118,189,245,183,235,256,227
200,146,157,214,127,188,253,184,239,258,234
201,153,148,211,130,176,264,184,237,263,220
202,143,153,240,117,182,266,189,229,265,238
203,153,155,219,125,183,255,179,237,261,246
204,153,145,227,132,173,258,189,225,252,239
205,153,147,220,130,181,264,191,235,255,235
206,152,151,210,127,163,261,186,242,263,245
207,146,158,220,131,169,253,198,229,247,232
208,144,161,215,136,184,268,194,245,245,229
209,155,160,230,122,175,247,189,237,255,243
210,146,165,209,130,176,251,187,226,249,236
211,149,157,208,122,183,250,191,227,243,229
212,147,175,202,123,181,260,193,239,264,228
213,157,158,217,114,177,256,201,232,235,227
214,152,155,217,119,188,242,186,235,247,232
215,151,151,214,127,164,253,190,237,239,232
216,151,163,216,123,188,255,186,242,277,234
217,153,156,211,133,174,255,188,232,263,232
218,144,151,213,127,173,258,181,235,267,230
219,155,172,222,121,185,255,196,238,253,225
220,148,177,223,121,192,257,190,248,263,224
221,137,160,223,128,184,258,183,245,266,227
222,140,160,240,124,188,252,199,229,247,234
223,150,165,216,126,173,256,197,231,268,231
224,150,153,218,132,184,254,198,244,250,232
225,134,156,226,133,178,259,186,234,256,223
226,153,155,217,135,184,239,195,240,252,242
227,153,156,225,123,178,252,186,229,261,240
228,147,150,224,123,185,248,181,243,249,231
229,157,163,211,117,177,266,197,244,260,237
230,159,159,215,112,177,256,194,244,271,222
231,155,158,214,129,175,264,183,232,273,237
232,156,150,221,133,179,262,205,222,266,221
233,148,153,229,113,187,254,192,241,268,220
234,157,178,210,125,194,244,196,238,266,226
235,164,166,211,120,172,255,186,237,274,228
236,152,162,205,121,180,257,201,237,256,233
237,155,160,227,122,169,244,196,243,254,223
238,152,168,216,120,172,258,190,238,254,221
239,148,150,218,129,186,253,190,234,267,233
240,141,164,232,120,171,255,191,228,256,237
241,155,163,215,121,188,256,195,217,269,237
242,153,159,217,123,185,259,189,230,264,230
243,150,153,213,119,168,254,190,235,259,233
244,147,146,215,118,168,252,199,242,254,224
245,156,149,223,113,171,255,184,235,261,230
246,146,168,231,126,184,258,189,235,253,231
247,146,158,218,137,176,271,178,226,250,217
248,153,146,219,126,182,262,197,234,251,235
249,148,160,229,127,183,259,181,232,251,233
250,151,161,215,131,185,260,192,229,255,237
251,142,167,227,127,181,247,187,234,253,232
252,160,160,233,126,186,254,201,238,248,222
253,153,162,223,116,186,248,191,234,257,222
254,134,158,236,134,179,249,193,231,249,234
255,150,159,223,131,176,249,190,233,246,245
256,145,161,229,129,189,254,171,226,251,242
257,148,174,231,130,186,257,198,238,246,229
258,157,149,223,139,190,251,194,237,247,242
259,152,154,236,127,184,251,188,222,247,216
260,162,155,210,125,195,261,187,239,253,215
261,151,158,225,142,181,251,184,233,257,238
262,157,166,219,133,180,254,193,234,248,237
263,156,165,230,137,184,254,183,235,253,231
264,160,168,226,119,188,264,192,246,247,232
265,151,157,224,129,174,255,191,221,239,234
266,146,159,210,134,174,256,179,231,252,234
267,147,156,227,130,177,265,184,233,245,234
268,155,154,224,142,200,253,179,236,255,221
269,148,157,229,125,175,259,184,232,246,243
270,153,144,230,137,178,260,183,238,251,226
271,140,158,223,122,189,262,192,242,240,221
272,156,157,217,119,185,262,181,230,248,235
273,161,157,227,125,184,267,177,227,246,235
274,165,153,229,131,198,268,195,231,254,235
275,149,151,222,132,199,259,172,223,254,233
276,150,157,217,133,183,251,178,239,258,221
277,147,144,228,133,190,255,183,241,250,230
278,147,153,225,114,173,260,187,223,256,228
279,161,154,217,119,178,263,190,239,248,234
280,152,148,219,125,183,273,186,231,247,235
281,156,165,223,129,176,262,187,237,253,231
282,158,158,229,129,177,258,184,228,255,242
283,159,164,215,119,169,274,186,244,264,234
284,148,165,219,129,183,255,198,236,259,236
285,151,155,210,125,191,257,183,229,255,227
286,148,155,224,118,188,239,194,242,247,221
287,158,161,225,128,176,249,184,230,240,240
288,159,155,230,122,184,246,183,241,262,231
289,161,153,227,127,186,250,184,237,242,246
290,155,163,218,139,188,266,187,228,238,229
291,139,170,228,120,175,257,196,231,237,237
292,146,168,227,131,182,241,185,224,258,237
293,153,166,229,129,186,255,200,227,245,233
294,133,172,227,122,178,255,178,233,236,244
295,153,152,228,125,177,261,181,228,248,245
296,158,157,223,132,189,263,188,235,254,230
297,146,166,225,114,194,259,193,227,249,233
298,155,163,213,121,170,259,192,235,244,242
299,144,165,214,125,176,244,191,244,256,223
300,148,151,217,123,192,250,190,222,261,224
301,145,157,214,123,183,259,192,233,266,229
302,147,162,216,134,181,265,189,231,255,235
303,140,159,232,131,179,250,182,229,256,230
304,148,155,227,136,188,243,195,238,257,218
305,152,150,236,122,178,253,197,230,264,229
306,151,166,232,129,162,257,190,234,248,220
307,145,164,231,124,167,264,192,232,274,223
308,153,156,232,128,169,263,186,232,262,221
309,149,155,234,115,167,254,192,231,265,229
310,143,163,230,123,173,251,194,222,249,227
311,157,163,228,116,167,270,193,230,248,224
312,143,160,222,120,176,255,183,237,250,222
313,155,158,216,120,162,258,202,228,252,226
314,148,161,225,116,160,252,184,236,263,222
315,149,169,227,124,178,253,182,239,260,239
316,151,162,231,117,187,248,199,231,260,229
317,153,159,228,114,175,260,189,221,271,238
318,153,160,240,120,176,257,191,232,256,231
319,152,155,222,127,180,251,196,228,254,227
320,150,169,234,122,179,265,193,236,261,218
321,145,162,231,132,174,253,200,233,260,233
322,163,166,222,152,173,266,195,224,255,230
323,153,163,228,137,189,251,183,237,270,222
324,162,169,231,150,184,252,183,228,259,228
325,144,163,220,151,179,263,195,232,266,234
326,146,162,230,158,183,249,196,232,271,233
327,162,155,228,158,181,263,192,241,252,249
328,152,166,221,148,182,246,189,235,277,226
329,172,161,219,140,179,244,192,241,267,215
330,155,172,220,170,178,258,199,229,247,234
331,148,167,213,151,178,254,184,229,243,220
332,155,168,214,197,168,253,190,222,248,225
333,144,167,212,184,179,261,188,227,257,233
334,160,164,221,166,173,264,184,239,260,225
335,143,173,227,178,175,253,183,226,248,231
336,145,160,211,191,192,269,193,234,242,236
337,164,155,222,188,181,246,190,225,261,233
338,150,162,225,180,183,258,188,237,255,240
339,140,158,217,178,174,251,185,239,265,238
340,148,157,244,178,188,253,176,250,269,230
341,141,155,218,168,189,252,185,225,272,238
342,155,154,230,204,182,270,185,222,243,239
343,147,158,227,190,177,251,184,239,252,225
344,146,175,215,189,168,267,191,252,259,215
345,147,154,224,148,170,252,190,234,262,247
346,151,168,216,166,174,250,182,229,259,224
347,150,170,214,170,178,259,182,230,254,226
348,145,157,243,173,183,258,182,225,263,229
349,148,157,227,182,173,254,199,228,268,232
350,148,159,227,175,169,251,197,233,255,213
351,164,152,218,163,188,257,186,230,252,217
352,150,152,220,176,185,259,186,235,250,235
353,149,145,223,178,181,258,188,229,253,224
354,156,161,232,190,187,259,191,226,227,239
355,154,154,228,180,181,250,196,222,237,233
356,147,149,218,154,186,242,212,231,240,225
357,150,168,220,149,183,265,189,237,257,222
358,149,169,225,160,161,265,187,230,258,245
359,145,161,227,139,183,260,188,234,260,228
360,159,152,227,140,170,265,198,243,267,214
361,144,157,227,146,172,257,185,235,263,223
362,145,164,232,140,174,255,187,239,257,225
363,151,165,231,124,179,255,189,247,265,222
364,150,153,231,148,183,251,184,232,263,233
365,148,163,229,135,181,256,195,233,263,238
366,142,148,215,125,190,255,189,239,264,234
367,144,155,227,133,184,256,189,238,250,235
368,143,147,227,140,182,247,198,235,247,237
369,148,160,219,129,179,252,198,234,268,228
370,148,157,224,136,172,248,189,218,251,229
371,148,154,231,144,188,252,195,245,249,220
372,153,161,229,145,181,252,195,237,255,227
373,146,155,228,140,190,247,195,228,246,242
374,146,160,223,126,183,265,192,238,275,227
375,149,174,232,125,173,252,187,232,262,230
376,152,171,220,128,189,258,188,221,277,209
377,151,163,237,139,180,259,184,235,270,229
378,157,158,223,138,192,264,181,232,276,236
379,149,163,219,137,177,240,180,239,256,235
380,157,156,239,126,180,253,183,240,251,240
381,157,160,230,131,183,256,188,243,244,228
382,158,149,234,123,169,267,180,229,233,229
383,144,161,224,129,172,248,181,234,250,232
384,148,158,221,116,161,243,189,238,253,228
385,152,153,224,134,173,257,183,228,252,226
386,141,155,240,130,170,253,189,229,240,239
387,149,155,227,128,187,268,184,242,260,221
388,144,155,218,126,179,255,187,232,268,231
389,151,168,229,126,183,266,181,231,276,240
390,162,170,227,119,184,249,187,236,262,227
391,149,152,215,123,175,247,191,240,282,236
392,152,173,224,129,181,256,191,232,268,228
393,159,159,222,126,184,263,187,231,252,228
394,155,162,223,122,177,257,198,235,255,235
395,160,145,231,127,193,255,185,234,265,235
396,143,155,222,129,177,266,191,235,268,239
397,155,160,223,123,181,261,192,228,267,239
398,161,148,224,132,180,273,192,228,256,238
399,148,173,228,131,177,258,194,233,250,223
400,154,157,235,135,177,264,184,233,265,239
401,158,163,222,133,183,234,185,230,271,246
402,155,160,215,138,181,256,190,234,257,242
403,147,149,229,143,170,251,189,242,267,232
404,157,157,229,136,168,262,192,229,256,238
405,156,159,240,131,178,255,182,235,262,225
406,147,177,229,130,174,247,181,224,261,236
407,153,160,227,131,181,253,188,236,268,235
408,153,161,229,135,177,248,191,224,254,232
409,139,144,217,135,185,258,203,241,259,222
410,151,157,217,140,166,264,189,224,259,231
411,156,157,229,116,184,259,181,240,263,225
412,154,158,235,137,184,266,189,242,275,246
413,156,164,226,129,187,270,187,235,263,238
414,140,155,228,125,177,248,181,237,256,238
415,147,163,228,136,178,259,180,231,260,224
416,145,159,219,112,174,263,196,240,258,239
417,134,173,215,132,153,257,187,236,257,230
418,145,156,230,110,162,256,175,242,269,238
419,157,153,238,133,171,260,182,230,264,236
420,152,159,227,127,163,255,186,222,249,242
421,144,155,228,122,177,251,190,236,259,232
422,149,162,228,132,190,253,187,227,256,239
423,152,154,240,123,176,250,195,246,267,231
424,151,158,232,125,167,265,194,223,256,228
425,157,148,223,120,179,255,195,236,267,216
426,140,181,217,137,178,254,196,229,275,229
427,159,155,224,141,199,255,194,233,248,251
428,146,156,231,128,187,255,184,236,267,222
429,153,155,231,123,185,249,193,228,261,234
430,155,156,223,133,182,248,187,241,249,238
431,150,163,217,136,188,267,184,232,252,238
432,149,158,227,124,185,253,182,225,234,227
433,169,152,220,123,174,255,182,235,240,220
434,162,166,232,122,170,271,187,233,243,235
435,150,174,233,117,187,262,189,230,246,219
436,154,160,230,135,169,264,199,243,243,225
437,158,154,231,127,176,262,187,243,244,228
438,153,157,233,116,178,249,173,235,249,232
439,151,159,235,127,186,259,188,226,252,237
440,154,165,232,121,188,255,190,227,250,221
441,147,166,234,131,184,251,179,235,263,237
442,150,155,221,115,191,255,187,220,250,231
443,160,166,224,121,170,274,200,230,242,231
444,144,159,228,115,188,262,177,243,251,244
445,159,167,238,139,174,255,184,232,248,226
446,149,161,214,135,179,248,191,241,263,227
447,149,164,235,120,181,245,200,234,251,226
448,151,158,217,127,179,251,193,227,225,234
449,144,165,237,126,186,259,188,227,250,240
450,144,161,240,131,171,264,191,240,253,234
451,141,153,245,129,182,255,183,239,243,239
452,145,156,225,118,168,254,180,224,237,221
453,157,159,222,121,176,242,188,233,254,217
454,144,165,235,129,175,251,188,230,248,231
455,148,172,229,130,185,267,192,235,262,228
456,149,152,236,133,176,252,175,235,248,234
457,137,163,242,115,183,254,193,233,248,233
458,146,155,226,125,177,256,183,235,252,226
459,159,152,236,129,174,271,185,229,255,234
460,153,169,245,140,179,257,183,240,251,226
461,155,159,239,126,189,261,193,230,264,228
462,150,164,227,127,165,256,192,224,260,222
463,147,153,214,135,187,255,190,230,254,226
464,143,147,248,124,180,260,183,234,246,206
465,147,169,239,124,179,252,189,235,258,224
466,142,160,234,118,186,254,177,228,258,224
467,162,163,248,136,187,252,177,243,265,229
468,147,146,231,135,181,273,192,236,264,235
469,142,157,244,126,181,263,200,238,261,224
470,144,163,243,133,193,247,191,240,264,230
471,147,164,231,130,184,246,196,242,255,224
472,142,160,247,123,186,264,202,226,253,221
473,142,165,241,138,187,234,181,214,250,220
474,149,172,234,126,164,251,188,213,252,232
475,160,159,237,143,163,257,193,230,270,236
476,160,163,236,141,178,255,198,224,272,230
477,147,154,238,131,168,256,192,223,261,223
478,154,157,231,129,171,263,202,230,271,227
479,148,161,259,125,183,261,192,212,252,238
480,147,161,234,128,181,260,194,218,270,232
481,151,154,230,133,175,256,177,227,260,227
482,147,156,247,123,187,259,195,216,253,222
483,149,164,221,130,184,255,202,222,242,229
484,153,152,242,137,197,255,202,226,256,223
485,149,155,226,127,171,258,188,218,253,222
486,144,161,243,127,182,266,181,229,248,223
487,150,156,243,120,190,245,184,217,231,225
488,154,157,231,119,171,255,187,224,260,243
489,148,159,241,130,185,260,181,238,248,235
490,157,155,228,132,179,255,209,228,257,225
491,149,156,239,133,184,249,189,239,247,225
492,156,161,234,142,178,265,184,232,252,226
493,153,161,220,123,174,239,187,237,260,225
494,141,165,223,122,183,253,194,240,258,233
495,144,172,242,123,180,255,196,246,262,234
496,134,154,229,128,186,262,184,240,261,222
497,161,162,232,133,180,264,190,233,272,211
498,148,146,224,134,178,256,181,246,259,225
499,159,158,244,130,175,267,185,230,258,217
500,158,154,220,142,179,264,183,227,253,234
501,151,169,226,126,166,255,185,223,248,229
502,150,162,229,122,180,264,196,243,268,226
503,155,165,229,131,179,249,180,230,274,235
504,153,159,226,127,177,258,184,242,258,241
505,138,161,237,135,174,264,186,233,263,231
506,151,157,231,131,167,257,193,231,276,240
507,155,158,235,138,182,252,176,229,260,231
508,156,158,239,129,174,248,186,236,256,219
509,146,159,239,126,181,249,186,228,266,214
510,151,157,243,133,196,257,183,234,260,229
511,148,160,240,136,198,247,191,234,260,242
512,157,151,241,134,176,247,187,225,257,239
513,144,163,231,141,184,251,181,220,271,229
514,158,151,245,123,187,252,182,240,269,230
515,147,165,249,132,186,260,190,236,265,224
516,150,156,242,134,186,271,178,237,267,224
517,158,158,247,123,179,265,184,233,255,225
518,160,150,233,126,189,257,179,230,254,237
519,157,152,240,136,178,253,185,232,274,224
520,155,160,233,141,173,263,195,225,273,225
521,165,166,222,129,181,263,185,233,262,230
522,150,161,260,129,176,254,182,236,265,225
523,159,158,219,132,192,245,193,239,274,230
524,155,158,236,134,185,261,180,234,260,225
525,155,152,240,135,177,262,183,247,273,215
526,159,162,244,122,172,257,183,231,251,220
527,154,167,238,147,166,250,191,235,251,221
528,154,161,246,124,166,251,180,230,237,231
529,164,157,247,135,178,258,188,237,255,219
530,155,152,240,122,184,254,191,231,242,231
531,154,152,253,135,173,262,197,224,274,219
532,148,157,243,140,182,247,209,231,252,211
533,150,148,225,143,179,258,203,238,241,230
534,141,153,229,144,176,261,196,236,247,226
535,154,148,240,131,181,253,193,230,251,231
536,142,161,241,123,175,251,199,243,258,224
537,151,155,234,136,185,257,180,225,259,232
538,152,162,246,140,166,257,187,234,272,229
539,143,149,243,140,172,264,192,219,278,224
540,149,154,241,129,191,253,189,227,272,226
541,145,151,232,142,168,259,188,229,276,232
542,150,169,210,142,172,247,199,237,268,221
543,147,159,240,133,173,265,189,221,262,218
544,139,153,242,136,182,251,173,240,276,236
545,140,157,242,137,185,260,194,235,255,224
546,143,160,240,135,185,258,183,244,251,233
547,147,158,251,133,185,255,189,233,250,233
548,144,158,227,145,179,259,189,231,268,235
549,147,158,223,143,180,265,196,235,268,249
550,146,162,238,125,179,264,187,221,256,238
551,158,161,229,136,163,251,186,246,266,218
552,155,161,242,145,158,251,187,246,276,229
553,148,168,232,128,180,270,191,233,266,233
554,144,160,228,134,176,252,190,230,271,221
555,155,157,233,124,178,271,184,238,269,230
556,154,162,236,127,183,254,177,232,276,232
557,148,165,242,129,180,265,193,232,270,231
558,158,161,235,135,176,258,194,229,239,223
559,161,157,242,130,180,257,191,228,267,216
560,161,153,231,139,182,260,184,239,259,229
561,162,163,241,132,172,255,194,233,243,223
562,151,146,240,130,170,260,189,236,242,227
563,153,154,238,134,190,265,184,227,254,225
564,152,155,243,122,182,262,184,234,255,214
565,156,145,242,133,188,247,199,226,252,248
566,144,157,231,141,179,263,181,245,239,265
567,157,149,246,142,185,270,196,240,256,221
568,138,161,234,124,181,258,192,246,254,243
569,143,158,240,126,185,264,197,232,259,226
570,143,156,243,128,187,253,183,226,250,228
571,132,157,237,132,184,261,189,240,259,240
572,153,168,249,132,172,256,190,225,255,239
573,158,154,242,122,182,278,180,236,254,233
574,164,175,223,128,175,270,186,236,247,227
575,154,164,240,128,175,260,194,231,258,235
576,139,153,232,122,171,252,192,239,241,228
577,153,161,240,132,188,271,197,241,263,230
578,146,156,245,123,189,256,183,228,263,248
579,149,161,238,123,186,259,174,220,255,225
580,145,156,242,138,182,252,197,236,265,232
581,157,153,240,124,196,256,192,223,260,233
582,149,160,242,129,178,256,195,242,255,237
583,145,154,235,126,174,258,188,237,255,211
584,125,161,239,127,176,247,176,235,254,223
585,143,159,239,133,174,251,179,235,262,230
586,149,164,232,121,181,249,190,234,271,230
587,158,160,234,126,179,266,188,228,247,219
588,159,166,248,121,178,250,185,241,253,224
589,141,157,238,142,173,261,188,237,268,229
590,158,158,229,132,177,260,188,237,253,226
591,150,162,234,132,175,256,198,237,264,223
592,149,172,242,127,183,263,191,226,243,231
593,162,158,236,124,183,250,185,218,249,234
594,141,158,244,131,185,258,185,217,250,234
595,158,147,243,125,181,255,185,229,261,215
596,147,162,235,130,187,258,198,231,247,225
597,140,173,229,138,196,253,185,234,252,229
598,142,167,232,141,193,271,190,224,266,226
599,139,165,234,144,180,267,195,231,256,233
600,156,160,236,131,185,254,174,232,254,224
601,158,168,237,124,187,249,185,224,257,231
602,141,165,233,129,186,254,185,237,249,229
603,149,158,233,135,189,250,178,238,254,225
604,162,161,222,126,190,264,198,236,257,222
605,149,160,231,132,182,260,183,233,249,232
606,145,163,237,123,178,257,185,229,249,227
607,146,154,237,137,183,249,171,236,250,218
608,158,172,237,135,178,259,180,211,268,231
609,147,158,239,122,187,261,191,221,266,231
610,160,161,235,128,191,252,192,228,263,226
611,149,154,224,114,180,245,181,219,254,231
612,151,168,260,140,194,270,186,233,249,227
613,149,151,232,137,182,255,189,226,260,237
614,149,142,251,120,186,255,184,231,265,229
615,139,146,233,125,182,259,181,225,253,237
616,161,140,245,123,182,256,195,229,248,229
617,143,144,237,121,186,253,191,226,260,236
618,147,158,230,136,168,257,190,242,262,222
619,144,161,236,136,176,266,188,220,259,233
620,149,150,223,131,178,256,203,224,254,224
621,151,145,233,137,189,253,194,222,252,234
622,146,158,227,140,179,240,188,238,256,229
623,147,153,239,128,174,252,187,218,261,218
624,148,166,248,131,182,247,188,232,247,228
625,140,154,225,137,180,241,190,231,266,227
626,152,156,212,124,177,241,196,234,255,231
627,149,159,226,127,183,247,193,225,253,233
628,154,161,224,133,181,251,190,232,254,225
629,155,158,232,122,184,268,190,229,246,237
630,148,164,223,133,182,261,189,239,252,231
631,156,169,230,125,177,248,193,226,261,240
632,154,153,219,114,183,260,204,246,262,214
633,157,158,219,127,177,262,193,234,267,231
634,155,171,213,125,178,248,194,221,250,248
635,151,164,232,123,167,258,191,234,255,232
636,148,162,228,132,190,252,198,223,257,223
637,143,150,235,125,180,254,192,210,265,250
638,151,157,228,123,187,254,180,245,257,229
639,154,150,215,126,184,245,186,224,253,224
640,149,164,225,127,182,270,196,235,257,232
641,139,159,216,135,175,259,186,244,252,226
642,147,164,221,125,181,249,186,226,250,236
643,154,155,223,123,178,258,198,226,248,229
644,153,167,231,131,200,244,187,226,246,244
645,151,166,235,124,189,258,193,224,251,231
646,143,151,220,129,184,246,196,234,263,227
647,158,151,219,127,189,259,197,239,241,225
648,153,157,217,133,179,247,192,226,255,224
649,147,162,221,118,176,252,195,234,248,219
650,152,160,237,127,186,255,190,236,247,227
651,156,150,223,124,180,237,194,241,257,231
652,152,155,228,125,201,257,200,228,258,228
653,148,161,219,128,183,249,194,237,260,230
654,141,159,223,116,182,249,196,241,242,233
655,152,156,228,129,187,249,194,230,250,221
656,152,154,220,150,179,252,196,221,255,229
657,155,158,225,127,183,229,194,234,255,227
658,157,155,222,127,192,247,187,228,260,224
659,150,164,220,132,174,250,178,214,238,226
660,141,168,225,125,166,243,178,240,256,227
661,155,149,233,126,180,247,178,240,237,223
662,152,164,238,133,177,269,195,227,248,237
663,144,149,227,122,181,251,183,227,250,222
664,147,150,234,139,172,249,191,219,254,223
665,152,165,225,131,171,256,177,230,245,221
666,154,159,239,121,172,254,183,231,240,234
667,156,161,229,141,171,244,189,221,256,225
668,155,161,227,128,197,240,183,235,243,225
669,157,173,229,120,187,253,193,232,249,209
670,147,160,221,127,188,241,184,220,247,242
671,151,156,231,130,182,249,182,225,244,221
672,139,159,223,130,177,249,197,228,242,226
673,141,159,222,122,174,253,192,228,248,230
674,143,157,226,116,178,258,196,245,258,221
675,149,159,228,124,188,253,191,241,248,233
676,146,160,225,127,181,252,192,238,247,243
677,152,163,231,121,165,256,173,232,252,224
678,150,149,226,132,182,262,184,221,255,229
679,144,162,234,132,180,260,204,226,258,237
680,150,159,226,129,186,259,192,237,240,227
681,144,152,233,123,176,253,184,230,246,229
682,155,155,229,121,183,256,192,234,253,232
683,155,162,235,124,181,243,193,233,255,227
684,140,158,241,126,179,262,171,217,258,237
685,155,146,228,127,190,251,193,230,250,228
686,154,164,227,127,178,255,179,217,253,229
687,153,169,224,133,180,256,179,234,252,235
688,141,164,223,126,178,231,177,221,257,233
689,153,157,230,125,178,250,185,233,266,239
690,149,150,228,122,163,254,183,222,236,240
691,146,161,237,118,175,260,185,232,247,223
692,145,164,234,133,185,256,192,221,236,245
693,157,154,226,124,160,251,199,218,241,225
694,151,154,221,123,173,250,191,220,266,234
695,167,146,222,125,177,253,190,222,264,233
696,152,151,227,125,181,257,184,223,258,242
697,149,153,218,127,175,246,187,230,260,238
698,153,145,232,134,193,244,191,237,254,230
699,154,155,226,119,181,261,192,233,244,233
700,163,159,229,131,183,254,191,240,251,242
701,153,167,223,134,187,250,190,230,254,236
702,145,159,223,132,175,236,190,232,266,236
703,149,161,230,129,173,246,192,230,253,232
704,159,158,232,135,179,239,180,231,252,231
705,139,166,227,127,177,251,187,225,256,221
706,155,142,214,124,176,244,194,231,256,232
707,148,158,236,125,179,243,188,233,261,238
708,149,162,214,124,160,244,187,230,257,224
709,140,160,246,127,164,253,179,242,267,238
710,138,163,230,132,176,256,185,227,246,232
711,160,165,223,127,175,247,184,222,260,223
712,155,148,228,129,180,244,182,222,256,211
713,153,161,229,130,173,251,186,241,246,220
714,147,159,218,127,169,255,182,229,238,224
715,148,164,230,125,183,252,181,225,257,230
716,152,156,212,127,159,254,189,226,248,218
717,149,162,235,127,167,245,193,240,252,229
718,159,159,215,127,177,250,193,235,268,231
719,141,154,222,128,165,248,185,242,248,222
720,140,165,217,138,171,246,190,232,278,220
721,145,155,224,132,173,256,185,235,274,234
722,137,171,241,134,175,243,197,238,264,224
723,155,155,236,134,169,254,183,241,277,217
724,155,150,225,128,175,262,185,235,266,228
725,146,170,225,135,179,254,182,245,274,224
726,152,158,226,120,167,247,181,231,257,215
727,156,155,218,122,149,242,182,218,248,244
728,154,158,219,128,166,250,187,236,251,241
729,141,162,231,125,181,262,188,234,259,234
730,151,151,229,132,164,255,185,231,253,236
731,154,165,234,121,169,239,198,238,260,219
732,138,157,221,135,172,259,200,229,248,228
733,153,163,215,152,168,259,197,228,257,231
734,153,164,234,140,170,260,196,228,248,232
735,151,159,218,119,165,258,203,233,248,243
736,158,162,221,152,176,258,191,233,263,222
737,136,163,231,127,172,242,182,228,270,223
738,142,158,237,123,178,250,194,243,281,220
739,143,163,236,127,166,269,190,234,278,227
740,148,162,224,129,189,248,186,227,264,208
741,152,162,236,134,171,263,192,240,260,217
742,145,158,227,140,170,249,196,227,266,229
743,151,151,226,138,174,257,185,231,270,233
744,145,163,233,141,167,253,193,235,250,238
745,149,156,217,125,182,251,186,238,250,224
746,138,155,230,128,169,259,202,236,259,222
747,155,159,218,124,169,257,187,220,275,213
748,143,158,228,125,170,261,207,222,268,226
749,140,154,220,127,167,250,185,232,273,235
750,147,155,225,135,161,262,189,235,265,238
751,154,151,222,123,154,242,189,231,251,229
752,151,147,230,123,169,249,186,230,271,226
753,143,165,239,126,152,239,180,229,264,225
754,146,157,225,128,177,252,187,234,280,223
755,151,149,236,134,175,258,197,239,271,227
756,141,169,227,130,173,252,189,221,271,227
757,148,165,216,126,178,250,188,226,265,227
758,153,158,224,123,175,257,185,243,275,227
759,150,150,229,135,185,237,189,231,276,220
760,145,165,232,132,165,260,186,230,272,225
761,155,150,229,121,155,252,189,226,274,226
762,147,160,227,133,171,254,180,232,276,218
763,144,160,239,126,175,237,186,234,253,222
764,145,166,224,123,170,235,201,218,264,223
765,162,149,228,129,167,256,191,235,239,224
766,158,161,223,129,178,254,188,230,252,219
767,151,169,233,141,171,239,186,235,260,239
768,162,153,224,137,177,251,197,228,258,234
769,158,157,230,137,181,262,195,222,254,235
770,152,166,225,137,167,253,185,235,259,231
771,155,167,230,133,159,251,191,241,255,222
772,147,156,230,129,183,256,188,227,247,223
773,150,164,232,137,171,259,190,231,261,223
774,153,164,223,139,185,258,190,232,263,236
775,146,162,230,135,171,255,179,225,249,235
776,156,152,225,128,196,258,192,229,253,227
777,163,156,222,128,183,247,207,236,271,216
778,146,167,229,124,170,251,191,230,251,235
779,158,160,221,132,176,264,183,241,249,223
780,144,149,220,130,167,255,189,229,257,231
781,159,157,229,135,187,258,189,242,265,233
782,156,155,230,120,174,256,187,238,268,219
783,154,160,229,139,165,248,188,239,254,231
784,147,155,226,137,166,249,199,242,272,224
785,144,163,222,124,159,248,201,233,255,219
786,152,155,232,131,159,252,191,235,249,212
787,152,165,219,124,162,244,184,233,251,233
788,151,160,230,125,167,249,181,229,248,216
789,148,159,237,133,168,251,194,235,250,216
790,143,160,229,138,175,245,190,236,256,230
791,162,172,234,148,163,247,191,233,244,225
792,157,156,222,138,165,261,204,227,266,226
793,161,164,236,140,168,258,191,240,264,229
794,158,174,226,130,170,237,211,244,252,230
795,154,154,232,116,163,249,192,228,262,245
796,143,155,224,132,169,256,179,245,244,230
797,146,159,221,124,178,250,184,225,258,232
798,149,160,239,129,178,248,202,241,251,224
799,150,151,227,129,174,257,195,240,253,229
800,146,159,221,135,175,240,184,232,260,229
801,164,152,231,137,169,248,192,222,256,229
802,142,152,220,130,164,241,187,233,256,241
803,153,152,232,131,165,244,194,239,250,239
804,152,155,227,127,162,249,190,239,250,231
805,155,165,245,141,167,253,185,238,247,225
806,145,163,233,134,166,244,188,232,251,228
807,164,163,220,137,169,231,193,244,274,232
808,148,164,221,134,171,250,194,240,260,231
809,142,166,233,136,170,246,197,237,254,232
810,153,178,221,121,173,236,192,216,266,227
811,152,159,224,126,166,251,189,227,276,238
812,157,159,235,121,176,251,202,237,267,226
813,157,163,228,124,156,255,206,222,266,237
814,138,171,243,126,170,242,192,227,283,220
815,150,163,225,130,174,250,198,239,263,233
816,142,160,235,134,161,251,201,232,267,237
817,149,158,226,139,177,266,184,245,273,237
818,153,164,227,142,174,250,184,219,274,215
819,146,168,228,134,169,257,182,232,264,243
820,146,152,250,138,175,240,184,241,276,232
821,153,153,233,119,172,244,193,217,261,224
822,148,157,234,127,172,250,193,226,250,233
823,153,159,228,120,158,256,203,239,266,232
824,151,156,233,131,195,260,187,231,270,232
825,140,157,228,135,168,245,185,229,260,241
826,156,159,223,119,175,260,185,223,266,227
827,159,169,236,119,175,247,189,228,267,223
828,160,157,236,120,160,251,194,230,274,228
829,150,166,235,128,166,248,190,221,249,226
830,154,161,224,126,164,254,181,234,266,223
831,145,165,240,124,171,247,189,236,252,223
832,150,155,220,123,180,253,196,231,263,221
833,149,158,239,127,166,253,189,234,253,228
834,154,145,235,129,169,246,186,232,248,240
835,154,142,238,123,161,247,181,227,253,239
836,149,166,230,122,161,258,180,239,264,218
837,149,162,241,135,170,246,203,240,256,228
838,155,165,243,125,186,258,186,222,244,233
839,151,151,241,130,186,255,182,232,251,226
840,143,168,233,126,174,260,187,238,252,228
841,154,156,224,123,176,246,185,239,261,235
842,135,170,242,135,180,255,192,236,248,221
843,139,163,219,126,177,235,183,237,252,230
844,148,159,241,128,175,248,174,217,256,231
845,144,164,234,133,178,260,187,233,267,215
846,159,171,239,118,170,250,192,231,255,221
847,149,158,227,134,176,246,183,245,266,232
848,143,166,220,124,184,241,190,228,255,244
849,151,165,218,117,191,254,192,235,254,226
850,142,154,236,118,179,262,194,231,237,235
851,155,163,224,127,163,255,186,224,245,235
852,152,162,238,128,172,247,194,238,258,227
853,149,156,230,121,169,263,190,229,255,227
854,156,166,224,115,167,249,192,221,264,231
855,141,161,226,128,157,250,179,235,248,229
856,152,171,236,118,173,269,193,238,258,233
857,151,158,222,125,167,243,193,236,233,221
858,144,161,225,119,165,260,197,234,256,233
859,140,163,210,130,161,261,196,226,250,235
860,142,159,223,125,187,249,190,235,246,226
861,144,164,234,121,185,269,202,226,256,234
862,142,175,212,131,174,244,190,233,265,229
863,156,165,232,113,163,244,185,237,240,225
864,167,166,235,129,179,244,179,236,255,215
865,140,158,229,127,175,245,182,230,257,230
866,143,159,228,131,163,261,200,233,249,230
867,149,172,228,130,168,259,194,238,248,230
868,151,162,224,123,171,246,181,237,258,228
869,143,164,226,142,155,242,190,232,257,229
870,135,155,214,129,169,254,195,238,243,224
871,148,151,214,128,159,260,193,239,241,216
872,151,147,227,124,173,262,188,241,252,216
873,135,153,238,126,161,247,193,243,257,224
874,144,155,234,145,160,253,187,246,249,228
875,160,167,218,135,173,252,183,235,248,224
876,152,157,231,133,176,249,194,223,252,239
877,148,156,230,121,166,261,183,236,248,238
878,142,157,218,134,172,258,184,224,248,233
879,150,162,230,138,182,256,187,224,258,235
880,161,148,229,134,159,245,183,221,242,222
881,142,163,240,129,179,254,187,230,276,216
882,139,158,231,135,171,254,189,236,265,222
883,149,162,225,123,169,256,183,231,263,229
884,144,153,229,124,183,251,186,240,250,227
885,137,162,233,109,173,251,188,240,273,228
886,150,174,227,120,159,254,188,236,278,222
887,144,149,227,124,162,243,191,231,270,223
888,142,149,216,129,173,250,177,227,253,232
889,154,158,233,129,169,259,179,242,255,224
890,146,152,216,123,183,243,184,236,272,212
891,150,148,219,120,171,241,190,223,268,220
892,153,170,222,110,160,257,194,237,263,233
893,137,155,218,126,179,237,175,228,287,220
894,152,154,229,125,176,240,181,228,272,239
895,159,164,219,131,174,251,194,247,273,222
896,151,168,213,130,162,255,193,224,277,220
897,164,167,224,121,177,255,175,240,271,227
898,149,160,237,126,167,251,198,234,259,230
899,144,160,225,119,169,247,194,232,283,225
900,142,154,220,130,177,252,191,230,256,232
901,150,148,216,119,180,260,190,223,272,222
902,150,168,218,117,176,257,201,238,266,211
903,142,151,217,111,178,263,180,234,259,222
904,150,154,229,120,191,253,193,246,243,216
905,145,163,227,120,177,251,185,227,259,223
906,150,161,209,138,172,241,187,224,271,222
907,141,155,224,126,168,247,185,225,253,214
908,140,167,238,137,174,255,184,239,272,221
909,152,157,218,132,174,251,194,223,263,215
910,146,167,229,145,173,255,193,233,257,223
911,147,165,229,132,172,251,195,234,270,207
912,154,156,235,121,172,248,183,226,266,216
913,145,152,224,135,175,255,187,234,266,218
914,154,165,217,136,169,247,187,227,274,210
915,157,164,218,127,185,253,189,236,273,213
916,145,164,246,123,183,255,190,230,251,217
917,156,161,218,124,185,247,200,229,260,223
918,162,156,210,127,162,262,182,226,243,222
919,143,159,228,129,168,258,177,234,252,235
920,154,166,222,131,167,258,191,239,249,215
921,152,162,220,131,186,258,187,241,245,222
922,147,157,215,125,180,250,193,233,248,221
923,151,154,215,135,175,256,183,231,255,219
924,150,168,217,134,177,254,185,239,266,231
925,147,150,224,135,165,237,186,239,252,215
926,143,158,235,134,179,252,177,218,251,214
927,150,156,244,130,175,253,190,234,244,217
928,153,155,232,129,166,256,187,228,263,227
929,157,162,227,119,166,261,185,224,247,235
930,155,155,226,130,169,243,183,224,243,228
931,152,156,225,139,163,258,182,233,249,236
932,154,155,230,132,177,255,198,222,239,217
933,158,151,231,138,166,252,185,234,254,217
934,151,164,228,118,149,255,192,245,249,220
935,143,151,216,129,169,262,193,233,256,213
936,151,147,230,128,180,254,186,240,261,224
937,144,161,220,133,172,261,182,232,253,220
938,138,157,234,139,174,245,187,230,269,213
939,147,165,227,134,176,259,197,226,245,232
940,149,151,238,127,184,257,178,233,256,220
941,142,155,237,135,173,247,182,236,261,220
942,149,155,228,130,192,253,188,235,260,211
943,150,155,222,133,171,258,183,228,268,222
944,137,153,236,123,173,257,179,227,252,216
945,155,153,227,137,182,237,187,226,251,226
946,155,149,223,122,170,257,186,230,243,225
947,157,151,233,129,165,249,191,233,256,218
948,133,168,216,121,173,270,179,233,252,223
949,144,157,222,121,159,252,189,230,253,225
950,146,156,235,130,162,272,192,228,252,222
951,135,145,236,126,163,240,182,247,251,210
952,150,153,229,127,164,257,184,231,263,212
953,141,160,229,127,173,251,193,231,257,215
954,142,147,241,125,161,254,189,227,248,222
955,144,149,241,132,159,261,183,222,254,213
956,143,151,220,143,174,247,189,233,246,226
957,145,160,226,123,170,249,188,240,251,229
958,145,157,219,135,162,245,191,243,242,222
959,154,159,232,141,165,249,186,229,263,225
960,145,153,226,131,171,241,179,238,248,214
961,142,164,231,139,169,246,180,238,254,221
962,152,152,230,136,175,241,198,224,250,222
963,156,160,222,124,180,260,186,228,248,222
964,146,155,231,124,174,248,189,237,276,225
965,147,141,224,123,182,260,180,221,252,220
966,153,150,221,124,166,272,169,238,235,227
967,145,151,231,131,171,259,187,227,245,223
968,146,159,223,123,159,256,192,233,248,213
969,147,172,245,148,170,251,177,223,242,220
970,141,160,237,134,164,250,186,241,252,220
971,147,175,225,134,178,240,181,233,255,215
972,154,170,227,133,165,264,191,230,243,244
973,141,160,228,140,160,265,182,229,254,229
974,155,159,225,125,180,256,186,231,245,227
975,146,171,254,137,176,256,194,222,260,233
976,142,170,237,139,165,258,192,227,243,240
977,148,169,232,123,165,252,186,235,247,241
978,135,157,227,125,169,247,198,228,248,233
979,137,159,245,144,166,257,190,248,263,248
980,139,163,220,125,186,272,197,234,252,240
981,148,162,237,138,168,276,182,233,255,223
982,144,162,231,122,177,253,193,227,249,238
983,156,170,237,128,174,236,181,222,266,228
984,149,172,220,122,181,258,197,232,251,230
985,161,161,231,129,164,261,207,235,252,238
986,141,166,232,135,163,255,203,234,246,224
987,147,165,225,125,182,268,197,236,262,241
988,152,175,239,128,179,259,196,246,255,230
989,150,167,217,138,181,257,185,236,253,231
990,157,160,226,136,183,254,189,224,251,240
991,144,152,225,123,165,262,191,241,254,216
992,154,158,230,128,172,239,193,228,256,219
993,137,163,226,130,189,246,188,225,251,209
994,147,169,235,127,177,253,200,246,241,215
995,149,168,231,121,166,255,193,235,257,230
996,144,159,233,127,173,252,186,233,249,227
997,146,183,234,126,157,260,188,234,259,218
998,147,177,232,124,176,247,181,235,256,231
999,155,155,245,124,163,253,187,239,244,219
1000,150,152,230,132,158,265,198,231,261,216
1001,145,150,232,134,173,261,186,233,272,217
1002,152,149,225,137,171,259,194,232,260,228
1003,155,159,220,128,158,265,193,231,259,226
1004,147,148,230,133,184,264,206,229,267,229
1005,153,160,226,128,181,248,188,229,274,219
1006,145,162,231,131,169,255,190,243,266,231
1007,150,161,237,126,176,248,188,225,246,230
1008,150,158,235,139,174,271,191,238,262,232
1009,159,158,226,149,181,251,203,228,260,224
1010,162,155,237,125,163,256,190,226,261,221
1011,147,161,227,140,184,259,183,220,247,234
1012,152,165,226,123,177,248,196,216,250,223
1013,155,172,238,129,170,255,189,222,263,223
1014,160,167,225,123,189,264,193,227,251,222
1015,146,152,228,133,174,249,192,224,255,222
1016,149,155,234,129,166,261,182,233,259,212
1017,144,141,227,131,177,248,192,221,252,225
1018,164,149,233,125,189,257,177,220,263,215
1019,151,154,220,117,190,272,191,239,262,206
1020,154,140,218,127,168,249,174,250,258,221
1021,139,160,225,134,165,249,188,217,253,217
1022,149,157,231,138,166,254,197,228,275,216
1023,143,171,221,121,178,255,180,225,256,211
1024,146,170,232,120,182,272,187,238,274,213
1025,150,153,232,134,164,252,198,235,227,224
1026,149,152,224,127,166,253,193,223,261,211
1027,155,166,234,122,184,258,195,248,250,226
1028,151,161,234,125,175,252,202,239,269,219
1029,165,167,222,133,168,244,183,248,270,219
1030,152,157,221,125,180,250,194,214,264,214
1031,151,157,227,133,179,242,197,231,254,225
1032,161,157,226,118,173,257,183,222,279,215
1033,158,152,227,118,162,253,196,236,262,212
1034,155,154,223,119,173,256,192,229,264,227
1035,149,161,232,128,169,257,193,224,257,227
1036,152,156,230,114,189,260,190,234,268,213
1037,159,157,211,130,180,262,189,235,244,221
1038,145,153,233,131,178,252,190,230,258,209
1039,151,162,230,130,171,259,181,238,248,219
1040,152,168,216,122,184,259,187,229,246,210
1041,157,169,230,132,160,247,191,236,261,222
1042,161,164,217,130,162,247,185,233,249,210
1043,148,158,251,137,166,251,192,238,237,213
1044,155,159,226,125,176,255,191,233,273,219
1045,157,158,226,115,172,247,194,221,263,220
1046,156,154,236,125,165,247,181,235,257,204
1047,146,156,241,133,176,264,196,238,264,226
1048,152,155,225,134,185,277,195,239,246,223
1049,154,174,221,125,168,255,183,229,260,235
1050,150,161,226,129,171,259,192,234,268,253
1051,146,174,240,138,170,256,194,232,258,237
1052,161,160,226,134,165,259,194,217,261,235
1053,146,168,229,134,168,242,196,224,252,230
1054,159,158,231,128,169,248,205,230,271,232
1055,144,161,215,129,185,258,198,237,262,231
1056,155,158,220,140,168,239,192,236,254,218
1057,146,157,233,139,165,253,191,224,268,222
1058,149,169,239,127,173,256,195,239,272,214
1059,151,168,222,127,160,246,193,222,257,240
1060,150,160,226,128,163,256,190,237,265,219
1061,144,160,237,135,176,240,187,225,240,227
1062,147,163,235,130,165,254,196,234,273,221
1063,153,151,218,124,163,259,192,223,259,210
1064,145,164,237,135,170,263,193,230,251,213
1065,157,173,226,127,172,259,189,231,268,213
1066,143,157,231,140,177,258,183,228,239,222
1067,156,158,231,127,155,251,188,239,241,222
1068,157,161,229,122,177,252,188,235,269,214
1069,155,178,237,123,179,254,190,236,257,219
1070,155,169,229,127,165,246,176,221,251,218
1071,164,159,216,130,163,257,187,221,263,217
1072,153,162,223,126,164,257,197,233,270,220
1073,164,159,240,133,172,261,193,234,260,218
1074,159,154,223,138,165,249,196,227,250,227
1075,159,172,220,130,180,248,184,232,250,216
1076,158,151,226,137,170,269,194,233,266,218
1077,156,155,230,132,178,248,187,237,261,229
1078,167,152,226,131,172,246,201,234,263,216
1079,134,151,217,131,186,245,198,233,260,225
1080,151,161,228,137,182,255,194,230,250,218
1081,147,160,234,135,166,251,191,242,247,228
1082,150,165,231,129,162,246,184,234,248,213
1083,158,158,217,128,186,256,190,228,241,214
1084,154,158,225,128,166,259,179,224,269,211
1085,143,149,226,122,178,264,182,233,271,222
1086,142,158,242,126,164,269,186,228,229,221
1087,143,158,224,122,163,253,189,235,254,217
1088,155,162,235,128,172,239,179,246,263,213
1089,154,156,240,138,170,246,195,228,268,213
1090,151,164,236,130,180,260,196,231,270,221
1091,143,158,236,127,170,249,191,228,270,218
1092,149,176,232,127,170,250,185,229,258,228
1093,182,160,213,123,163,256,184,234,250,243
1094,151,159,218,114,163,249,172,233,274,235
1095,154,159,218,118,182,263,183,238,258,234
1096,154,159,216,131,167,245,195,224,260,230
1097,162,162,222,121,165,255,187,230,254,239
1098,151,168,232,118,180,228,195,224,252,235
1099,165,161,217,125,176,259,188,225,261,242
1100,156,172,221,130,182,243,197,222,267,240
1101,144,169,228,145,187,243,186,234,247,225
1102,161,158,228,121,180,272,183,227,257,224
1103,146,156,237,133,166,265,182,210,254,228
1104,154,154,229,132,168,252,179,236,256,233
1105,158,165,213,132,172,258,199,229,254,222
1106,163,161,229,124,172,269,193,232,257,226
1107,157,170,226,124,180,267,182,236,254,228
1108,146,166,239,117,172,259,192,235,258,228
1109,156,159,217,128,167,263,208,226,242,234
1110,144,163,244,133,176,258,194,217,248,234
1111,148,159,237,121,181,247,193,225,246,229
1112,146,163,228,130,170,255,189,232,256,230
1113,139,182,220,119,170,254,189,239,272,228
1114,161,173,226,127,176,254,184,227,256,234
1115,152,172,236,128,173,230,184,220,251,232
1116,168,171,230,139,171,253,167,229,256,227
1117,141,167,231,125,163,264,188,226,243,227
1118,163,179,226,117,176,267,195,241,248,233
1119,134,172,222,123,173,250,185,227,261,228
1120,154,166,219,128,169,258,190,232,276,225
1121,145,168,229,111,173,245,190,234,260,238
1122,151,166,213,129,174,251,192,240,257,232
1123,167,168,223,130,174,250,183,230,241,225
1124,152,165,222,116,168,256,185,235,235,228
1125,153,172,227,122,185,248,199,231,245,230
1126,143,173,230,127,172,247,198,223,253,230
1127,157,166,227,120,160,254,196,236,264,231
1128,155,174,220,128,163,252,196,235,259,230
1129,161,181,230,125,167,255,185,225,267,219
1130,153,177,224,138,171,264,188,239,267,225
1131,144,175,225,123,166,244,187,233,248,236
1132,148,181,228,127,175,245,180,237,265,230
1133,138,194,226,135,158,252,183,236,269,228
1134,141,167,233,138,171,257,186,229,268,242
1135,149,183,234,121,175,256,169,218,261,238
1136,163,182,225,122,185,265,189,224,263,224
1137,158,179,225,122,167,253,184,219,270,231
1138,152,171,235,123,180,239,182,235,272,239
1139,159,159,223,131,170,235,193,232,261,239
1140,153,177,224,118,187,252,195,229,250,217
1141,145,166,228,129,165,251,188,232,248,221
1142,166,177,229,126,171,254,191,228,236,237
1143,144,189,218,120,156,252,184,227,244,224
1144,153,162,227,117,172,261,191,234,245,226
1145,146,169,220,132,176,274,190,229,249,245
1146,151,176,224,128,176,254,188,220,242,226
1147,141,170,230,134,170,245,199,246,244,229
1148,152,175,222,131,164,257,185,221,255,237
1149,148,179,218,128,166,258,183,238,248,230
1150,155,202,230,129,178,247,183,237,256,232
1151,153,184,235,139,173,240,189,228,265,226
1152,156,183,234,136,162,246,190,244,243,219
1153,153,169,225,138,176,245,194,227,267,223
1154,149,178,225,126,168,257,200,235,259,222
1155,147,170,231,120,166,249,193,235,255,229
1156,154,170,226,134,172,228,201,233,269,225
1157,152,172,224,127,175,248,189,236,246,230
1158,150,174,229,136,180,260,184,230,255,220
1159,155,166,227,137,170,256,190,235,240,236
1160,149,156,222,126,162,240,193,223,248,227
1161,145,178,221,126,184,261,196,243,249,238
1162,157,163,230,131,153,250,197,237,248,234
1163,136,171,232,132,182,242,186,233,239,248
1164,151,157,237,123,182,251,199,230,252,243
1165,151,172,215,128,167,258,194,241,254,241
1166,156,170,221,142,159,248,180,230,238,236
1167,155,174,220,128,161,251,201,239,252,248
1168,153,172,232,132,174,263,194,231,252,229
1169,156,186,232,139,176,264,194,246,259,234
1170,151,171,223,125,170,265,198,228,247,229
1171,163,161,216,135,181,245,196,239,236,221
1172,153,183,232,124,172,266,193,240,251,235
1173,157,185,225,119,176,247,189,223,256,238
1174,155,162,230,139,184,259,175,220,255,232
1175,157,161,231,150,176,255,187,220,245,229
1176,159,173,222,128,178,253,187,224,246,223
1177,143,169,214,130,183,247,181,227,243,227
1178,147,178,221,130,182,254,192,236,250,245
1179,151,181,228,126,179,260,198,224,245,236
1180,146,183,220,135,187,260,196,250,260,229
1181,169,172,229,134,171,237,183,244,262,237
1182,167,170,225,129,184,239,201,228,266,220
1183,152,180,235,131,163,240,200,234,247,233
1184,159,177,227,120,166,251,177,226,254,218
1185,141,177,230,123,182,255,194,217,260,238
1186,141,177,226,131,171,248,194,226,264,222
1187,151,188,218,139,177,240,187,232,266,242
1188,149,180,223,118,166,247,186,237,274,253
1189,161,174,214,138,180,258,189,240,257,237
1190,154,178,227,135,180,263,192,223,256,234
1191,147,168,224,129,178,251,184,236,252,233
1192,151,170,230,130,182,241,181,226,257,234
1193,142,162,225,132,185,244,187,232,254,226
1194,152,164,242,135,183,257,189,230,268,238
1195,145,163,223,138,170,256,188,241,269,213
1196,153,157,238,125,172,246,182,232,270,246
1197,163,158,229,130,183,257,194,228,268,238
1198,153,162,232,141,179,248,177,229,263,235
1199,148,156,235,131,172,247,187,241,269,228
1200,138,162,229,131,168,255,192,231,264,243
1201,143,163,217,127,168,247,195,232,267,232
1202,147,180,235,124,175,251,184,235,278,234
1203,156,175,231,142,163,260,177,234,251,233
1204,146,161,231,121,175,261,190,225,266,240
1205,155,166,237,125,165,246,192,232,251,225
1206,139,172,228,133,177,254,195,231,269,223
1207,151,173,220,122,162,250,193,226,257,236
1208,154,164,230,135,182,246,183,225,272,245
1209,148,158,222,132,176,256,182,227,263,232
1210,139,157,229,118,160,256,179,229,275,232
1211,152,167,230,111,159,252,199,208,259,225
1212,156,171,220,130,174,243,183,211,248,236
1213,140,162,230,135,165,252,189,220,273,230
1214,149,160,234,133,166,252,189,231,258,234
1215,151,171,216,127,178,247,196,234,270,236
1216,144,172,219,132,164,252,187,225,252,238
1217,148,159,225,130,159,248,193,218,276,230
1218,144,152,216,125,177,245,182,226,254,220
1219,142,171,223,121,166,248,187,223,267,232
1220,150,163,225,134,170,247,203,223,273,214
1221,132,161,218,130,171,247,187,216,265,221
1222,133,162,221,129,180,246,188,229,270,226
1223,140,153,222,127,172,249,202,231,264,226
1224,147,163,224,127,158,238,193,240,268,214
1225,146,165,228,116,173,251,183,235,272,228
1226,149,164,233,130,179,247,198,233,255,234
1227,140,164,223,119,160,244,184,234,270,241
1228,148,168,228,131,165,253,176,230,272,227
1229,150,162,231,132,165,262,193,224,264,222
1230,159,167,221,128,166,259,188,235,267,240
1231,152,149,229,124,167,249,205,236,264,235
1232,140,157,243,132,177,246,185,225,266,226
1233,147,157,225,133,164,256,187,232,267,245
1234,146,158,217,123,179,243,178,233,267,231
1235,150,160,218,125,182,248,183,223,270,223
1236,148,157,233,133,177,254,190,225,262,222
1237,161,162,236,126,164,256,183,228,255,223
1238,148,162,224,128,172,240,197,239,256,229
1239,156,157,233,136,160,245,188,244,276,232
1240,152,157,237,121,152,256,184,228,257,237
1241,150,160,219,128,166,263,191,238,267,235
1242,149,162,220,135,166,247,194,231,255,236
1243,165,154,221,133,180,253,186,230,245,226
1244,139,165,225,124,162,258,195,246,247,232
1245,148,159,235,132,178,260,182,250,248,242
1246,152,163,227,131,164,249,186,229,258,232
1247,130,166,225,129,163,254,195,241,253,239
1248,138,164,229,132,166,238,194,225,256,226
1249,143,168,234,132,167,241,186,232,241,220
1250,148,162,225,131,176,248,198,233,254,223
1251,154,156,231,133,166,237,190,241,225,224
1252,144,168,219,139,161,244,187,233,246,230
1253,158,161,229,132,165,259,187,240,244,225
1254,140,171,232,122,169,244,198,242,244,222
1255,143,162,222,127,176,258,184,231,248,237
1256,144,171,221,137,171,253,192,222,246,229
1257,148,155,223,138,160,252,183,235,249,242
1258,146,167,208,131,173,240,185,230,237,233
1259,149,158,213,130,179,264,177,229,250,238
1260,143,158,214,122,172,248,176,233,258,242
1261,135,156,223,124,177,246,181,221,260,240
1262,133,160,223,140,178,249,183,237,245,227
1263,139,171,224,123,161,251,199,232,254,241
1264,152,152,231,145,169,260,189,221,254,241
1265,151,167,230,140,188,255,196,234,269,240
1266,145,160,215,124,183,256,195,219,255,242
1267,156,155,222,130,189,267,186,241,252,228
1268,137,165,222,130,171,250,194,230,262,226
1269,153,162,223,126,173,251,194,216,264,231
1270,141,164,228,131,181,254,188,225,258,240
1271,142,148,223,137,198,245,190,220,248,234
1272,142,153,236,136,181,263,189,225,248,221
1273,151,168,230,138,166,251,188,234,247,234
1274,145,165,226,134,161,250,190,233,237,240
1275,151,178,231,131,176,255,190,228,240,221
1276,142,169,235,126,172,258,184,231,239,232
1277,156,164,224,147,165,241,194,238,260,226
1278,145,172,219,146,170,248,188,225,246,233
1279,145,170,226,135,164,261,195,230,248,230
1280,162,168,229,125,171,261,191,248,258,225
1281,145,161,224,125,168,251,188,250,246,233
1282,145,164,228,133,176,238,188,231,251,220
1283,148,154,222,120,165,259,180,229,251,241
1284,143,163,222,127,162,258,187,230,245,237
1285,135,173,231,124,174,255,189,230,262,237
1286,152,169,235,123,162,254,198,225,263,236
1287,138,166,232,127,164,255,192,232,272,232
1288,142,165,225,139,171,246,189,238,262,234
1289,159,157,237,133,165,244,178,226,255,235
1290,151,153,220,140,165,256,199,223,259,235
1291,152,165,232,129,175,258,183,229,282,238
1292,151,167,225,131,178,250,193,238,249,234
1293,146,171,234,139,173,250,188,240,262,219
1294,146,168,221,122,175,254,190,241,259,237
1295,150,162,228,137,159,244,201,220,276,236
1296,142,150,225,122,168,258,187,226,265,239
1297,147,156,230,134,161,255,191,224,272,228
1298,155,147,237,136,170,260,189,228,266,236
1299,154,144,231,138,178,251,192,225,271,224
1300,145,169,219,134,180,256,179,235,268,227
1301,149,162,221,136,163,256,190,235,267,225
1302,152,150,229,134,155,259,191,235,270,244
1303,157,151,228,143,160,243,189,242,257,236
1304,146,165,222,129,173,250,189,221,265,229
1305,153,154,230,129,166,258,194,239,274,234
1306,151,159,229,140,165,247,194,235,265,215
1307,140,171,227,130,177,261,183,222,266,236
1308,151,166,245,127,166,252,184,233,254,241
1309,142,164,230,121,165,256,195,235,270,236
1310,147,165,233,127,185,240,194,223,266,227
1311,156,161,234,118,170,255,195,225,263,232
1312,145,166,234,142,170,246,188,228,262,235
1313,149,158,227,123,184,252,188,235,271,234
1314,137,170,231,126,166,244,190,225,267,217
1315,141,161,233,139,190,261,194,238,274,233
1316,148,152,240,128,167,253,185,235,266,232
1317,161,154,225,132,173,246,185,233,264,230
1318,145,150,227,131,167,249,193,229,267,231
1319,143,148,233,125,162,257,184,228,278,226
1320,145,142,218,122,177,236,184,232,268,228
1321,157,156,222,134,182,270,181,223,263,228
1322,141,153,233,127,168,250,179,243,267,223
1323,156,152,226,131,173,263,192,239,249,242
1324,140,146,224,119,167,247,185,228,254,232
1325,161,155,218,130,172,252,182,216,234,216
1326,155,165,227,129,175,245,191,218,250,217
1327,147,144,238,125,178,248,177,232,258,242
1328,149,155,236,123,179,242,193,226,251,228
1329,142,166,225,132,162,256,181,231,254,225
1330,146,165,226,141,170,260,185,238,249,239
1331,157,153,237,137,179,260,189,230,259,238
1332,159,156,234,137,173,234,189,234,262,231
1333,158,163,236,125,175,241,182,231,248,247
1334,162,160,222,127,169,246,192,237,257,230
1335,152,156,237,118,170,244,189,235,257,227
1336,154,149,222,131,178,245,183,234,254,235
1337,146,159,236,115,171,241,184,244,253,233
1338,143,144,234,132,165,252,183,242,248,225
1339,140,167,226,123,169,245,171,239,258,232
1340,155,158,244,134,174,251,187,222,240,232
1341,138,147,223,133,178,258,198,237,240,227
1342,139,166,230,117,171,250,187,242,257,233
1343,157,148,234,125,169,252,187,228,268,243
1344,139,160,232,124,150,245,184,229,270,233
1345,143,151,223,124,178,239,189,216,268,231
1346,151,152,222,116,180,256,184,230,263,233
1347,155,151,250,123,154,246,186,219,261,228
1348,138,158,242,117,175,256,201,233,272,234
1349,138,151,227,126,172,254,185,225,278,240
1350,147,152,230,131,170,265,186,223,277,237
1351,145,161,220,124,174,247,187,236,275,228
1352,149,165,223,131,172,249,181,241,277,232
1353,158,154,243,127,172,250,182,234,262,218
1354,152,161,234,124,176,243,198,236,268,230
1355,153,157,228,125,163,254,183,230,276,237
1356,138,154,230,122,184,250,195,235,282,237
1357,150,147,232,135,177,253,184,233,285,237
1358,138,157,231,127,177,269,182,228,260,223
1359,148,161,226,125,172,239,184,230,263,224
1360,151,151,223,124,173,253,197,229,274,234
1361,149,167,220,128,173,256,184,224,271,236
1362,144,149,223,126,171,250,186,230,252,229
1363,137,165,226,124,175,259,178,229,262,237
1364,152,148,233,125,158,250,186,231,274,230
1365,144,146,228,132,180,248,172,226,265,240
1366,142,156,225,117,171,249,185,228,257,248
1367,139,144,228,139,168,255,183,242,260,224
1368,162,155,217,134,174,264,208,236,254,238
1369,147,162,236,123,166,255,194,228,253,230
1370,147,159,234,118,178,265,186,235,261,233
1371,135,154,235,124,162,250,193,212,262,237
1372,153,160,231,137,169,264,191,224,260,238
1373,151,141,248,134,171,251,188,239,245,227
1374,158,142,225,123,158,259,188,230,268,231
1375,138,149,234,115,172,264,185,239,255,235
1376,158,153,235,142,162,266,187,237,268,231
1377,148,157,215,116,166,245,189,239,277,230
1378,146,155,233,132,186,249,188,235,261,236
1379,140,157,223,125,171,261,181,241,262,231
1380,167,165,227,135,185,256,200,235,258,231
1381,155,151,225,133,196,252,185,238,262,227
1382,142,159,225,137,183,258,184,226,267,227
1383,144,157,234,134,170,250,194,245,275,227
1384,156,149,216,136,173,260,191,234,247,239
1385,147,161,238,129,166,248,188,226,269,221
1386,149,157,219,134,184,258,185,241,260,236
1387,150,161,232,141,182,263,191,238,250,225
1388,153,156,240,130,182,264,180,215,258,239
1389,153,162,240,121,179,248,185,235,264,234
1390,146,150,235,128,179,252,191,238,253,227
1391,164,159,231,123,161,250,202,231,252,231
1392,154,163,227,136,181,256,190,218,252,226
1393,145,157,236,126,189,250,180,217,249,228
1394,155,165,227,129,174,259,190,230,267,235
1395,148,154,223,129,157,249,187,227,262,225
1396,143,152,225,136,179,250,187,244,266,226
1397,149,150,225,128,172,244,182,239,263,230
1398,145,154,235,140,184,267,186,233,256,244
1399,161,153,232,147,172,252,192,227,259,226
1400,161,161,234,132,176,246,189,223,259,233
1401,146,155,232,130,153,258,185,229,267,236
1402,158,155,233,119,154,253,197,231,262,238
1403,161,172,225,137,159,249,192,225,263,237
1404,158,159,233,136,172,248,188,238,263,237
1405,162,159,221,137,176,253,195,218,258,224
1406,174,153,228,137,158,237,199,224,258,230
1407,138,166,232,130,166,259,185,239,249,235
1408,162,159,239,131,175,251,182,231,254,229
1409,156,163,236,134,158,254,195,243,266,213
1410,160,155,241,136,170,252,187,233,257,223
1411,148,152,252,140,165,259,184,232,281,218
1412,139,161,233,136,164,246,185,236,257,223
1413,150,171,228,129,160,266,189,245,238,226
1414,154,161,227,141,165,254,192,217,253,226
1415,148,157,228,132,171,253,199,227,248,225
1416,148,163,231,118,162,246,188,231,264,234
1417,152,161,220,124,170,262,185,243,245,238
1418,141,170,239,127,167,242,177,234,257,229
1419,150,148,220,126,172,251,189,229,246,224
1420,149,159,222,125,166,255,196,233,244,232
1421,146,154,223,126,170,258,177,230,250,224
1422,162,151,227,128,169,255,180,239,251,229
1423,139,149,227,126,170,266,184,242,248,225
1424,151,151,225,132,173,251,191,227,233,233
1425,159,163,239,128,175,279,180,231,259,224
1426,149,173,235,136,173,266,189,231,253,231
1427,146,166,215,144,167,249,178,244,247,244
1428,150,158,220,141,184,251,185,221,249,238
1429,153,170,210,132,178,250,196,230,244,236
1430,146,164,227,131,167,249,194,231,261,235
1431,147,166,233,140,175,259,195,233,244,240
1432,144,153,226,130,166,260,196,231,252,225
1433,152,161,235,128,177,257,190,241,245,234
1434,141,154,225,129,171,260,184,229,251,244
1435,156,163,225,142,177,254,194,231,256,235
1436,144,156,227,143,168,250,202,237,247,226
1437,159,161,217,123,154,259,190,237,253,226
1438,147,164,221,129,165,244,184,233,254,233
1439,162,150,221,134,156,251,184,232,253,225
1440,151,171,228,136,172,249,189,236,248,232
1441,148,150,233,138,164,245,195,228,260,225
1442,136,160,224,139,170,257,197,230,237,230
1443,141,162,230,140,171,250,196,243,241,242
1444,143,145,225,134,166,262,194,234,252,239
1445,149,159,229,135,182,250,198,237,239,223
1446,142,155,225,153,181,269,190,234,248,230
1447,141,152,230,144,170,242,192,236,262,240
1448,147,157,226,148,174,251,189,237,264,218
1449,152,163,224,140,174,245,182,236,259,230
1450,145,168,233,141,169,254,178,241,260,223
1451,140,164,227,131,183,253,195,235,255,220
1452,153,155,240,138,174,253,200,240,260,231
1453,142,154,229,125,168,256,185,243,252,223
1454,151,156,226,129,198,249,196,251,232,228
1455,146,170,225,140,165,248,185,237,252,228
1456,147,160,225,127,173,244,191,231,248,226
1457,156,159,227,133,174,264,179,221,253,246
1458,146,153,217,136,191,249,192,231,257,236
1459,140,150,228,132,168,238,193,243,237,230
1460,144,158,226,125,179,241,191,228,250,230
1461,140,164,230,121,168,250,191,245,239,228
1462,146,151,217,124,176,230,189,247,263,228
1463,154,147,238,128,174,251,189,225,251,221
1464,148,154,214,124,180,254,183,222,239,233
1465,151,157,228,141,171,253,181,233,251,235
1466,140,150,234,143,176,252,192,241,245,237
1467,150,158,232,129,158,252,185,233,249,222
1468,153,154,221,119,169,249,183,236,239,235
1469,153,171,226,128,177,250,196,245,251,231
1470,155,158,228,124,181,253,187,240,246,221
1471,146,167,233,137,178,253,197,233,267,228
1472,145,164,222,126,185,247,187,233,244,228
1473,149,150,222,123,179,244,183,245,249,227
1474,143,168,221,136,181,254,191,235,241,216
1475,152,164,221,119,186,243,193,245,259,231
1476,140,159,219,127,178,252,186,232,263,227
1477,147,169,230,133,190,256,193,246,247,233
1478,145,160,224,122,187,249,190,232,253,228
1479,144,154,227,128,177,254,182,231,252,239
1480,155,159,231,127,175,233,185,231,244,231
1481,150,157,219,133,191,253,193,232,269,225
1482,138,146,218,126,160,252,192,237,263,224
1483,161,162,219,128,170,247,189,233,257,220
1484,147,171,216,131,169,251,186,230,255,230
1485,153,160,238,129,185,245,188,226,254,223
1486,155,160,228,136,186,252,211,239,257,232
1487,151,162,228,121,191,245,179,229,243,224
1488,141,163,222,126,171,255,192,239,270,235
1489,144,175,222,120,166,264,183,215,263,237
1490,150,161,222,129,171,255,186,233,259,226
1491,152,154,234,126,163,259,192,239,263,222
1492,144,153,222,120,157,259,183,237,258,221
1493,149,147,218,125,169,245,189,216,266,223
1494,153,172,232,136,174,254,193,236,255,221
1495,149,158,233,132,167,250,191,225,261,226
1496,152,152,216,132,163,239,188,240,275,226
1497,164,156,235,120,179,245,189,230,252,227
1498,148,168,232,122,171,266,196,228,268,240
1499,146,164,229,137,170,255,179,241,264,230
